DRUG	CAS-DAC-4	CAS-DAC-19	CAS-DAC-22	CAS-DAC-24	CAS-DAC-1	CAS-DAC-2	CAS-DAC-6	CAS-DAC-13	CAS-DAC-7	CAS-DAC-11	CAS-DAC-12	CAS-DAC-16	CAS-DAC-18	CAS-DAC-3	CAS-DAC-9	CAS-DAC-23	CAS-DAC-25	CAS-DAC-27	CAS-DAC-28	CAS-DAC-31	CAS-DAC-32	CAS-DAC-36	CAS-DAC-21	CAS-DAC-5	CAS-DAC-14	CAS-DAC-42	CAS-DAC-29	CAS-DAC-37	CAS-DAC-39	CAS-DAC-26	CAS-DAC-8	CAS-IPMN-1	CAS-DAC-15	CAS-DAC-20	CAS-DAC-30	CAS-DAC-33	CAS-DAC-34	CAS-DAC-35	CAS-DAC-38
S1194	0.679578796	0.629221226	0.968019092	0.65179855	0.681917657	0.946921446	0.729423498	0.921347473	0.728871184	0.891689625	0.809731344	0.641634468	0.670951339	0.743636623	0.613950968	1	0.759300565	0.662997819	0.710172231	0.796727773	0.738149845	0.932119796	0.887002301	0.878447977	0.676031248	0.813213982	0.706213448	0.729136499	0.818602393	0.908293575	0.871958114	0.657538282	0.659719092	0.677305674	0.933286162	0.79361884	0.848090346	0.719445899	0.732080979
S2170	0.777248063	0.83175939	1	0.798678248	0.711871017	0.927576025	0.851482234	0.996535154	0.838957568	0.912352322	0.890399442	0.712071827	0.789138882	0.83340299	0.707359662	0.923221034	0.914081553	0.721125032	0.800023804	0.888461496	0.755520442	0.949258306	0.902142167	0.930684927	0.749030316	0.925161978	0.776417974	0.885577385	0.82795085	0.966900245	0.898036969	0.798770003	0.754659584	0.68034809	0.915116603	0.877662031	0.797760529	0.788522648	0.703727639
S1090	0.754968921	0.851020466	0.992587467	0.802327761	0.731638812	0.918016025	0.833257793	0.995823125	0.821511007	0.903553765	0.881744541	0.717135879	0.831348819	0.831172769	0.767814007	0.964793027	0.972506089	0.704294631	0.748541969	0.876681893	0.744477474	0.965515586	0.88630194	0.925155433	0.732886435	1	0.734126105	0.911601245	0.881274699	0.931918132	0.891959814	0.831595895	0.809357361	0.728419957	0.972640765	0.947820665	0.843312417	0.785731159	0.675636358
S1085	0.885158634	0.862195529	0.984754391	0.804173511	0.770761065	0.939896574	0.818585429	1	0.843690244	0.913827874	0.8613321	0.733049028	0.794056696	0.789284524	0.795328612	0.967130042	0.903123432	0.770313984	0.789850552	0.959884424	0.767527027	0.949334807	0.963834154	0.861266349	0.816528269	0.935232581	0.817395964	0.931950337	0.892372902	0.918536015	0.887813565	0.932713546	0.857905912	0.781296423	0.985397091	0.903173061	0.873343803	0.731372925	0.728599008
S1515	0.802168874	0.900678581	0.996215161	0.789939312	0.761327226	0.953158442	0.847362326	1	0.837068701	0.944947881	0.888196823	0.714720738	0.834349849	0.819545428	0.793714072	0.991773077	0.907111641	0.696478406	0.766360608	0.838764728	0.74732723	0.970330502	0.886404873	0.933713732	0.702442021	0.969494999	0.7897459	0.910065458	0.871785373	0.925510779	0.896131513	0.883545441	0.877590017	0.757733418	0.925165742	0.959974847	0.87847375	0.780162232	0.730478239
S7569	0.983021487	0.855653003	0.960727696	0.847269094	0.827476339	0.984094796	0.833775912	1	0.856708604	0.988568818	0.869469864	0.801533773	0.854767817	0.892953647	0.834045512	0.946391212	0.902170881	0.784577006	0.826490344	0.863206146	0.835877222	0.994776273	0.889637072	0.879884738	0.819877631	0.92162396	0.781679724	0.893774603	0.901845425	0.905058802	0.872609184	0.839371887	0.861442818	0.820918517	0.8905328	0.926243939	0.883117511	0.811822372	0.800603538
S2779	0.99550045	0.869273414	0.990096416	0.857455994	0.853945186	0.962366515	0.834095218	0.981903954	0.850228973	0.959889813	0.899449038	0.805134625	0.893615248	0.968171424	0.857397464	0.944556937	0.896716161	0.805055449	0.838696323	0.932674814	0.867825389	0.99196769	0.912156289	0.946158719	0.799051605	1	0.869213003	0.907765909	0.923007566	0.897192926	0.890571364	0.930939521	0.880517575	0.805564068	0.947595458	0.953546404	0.92381257	0.803046759	0.77818769
S1134	0.812526664	0.586232264	0.961402032	0.828325919	0.244353438	0.952335718	0.698206577	0.924618075	0.807166757	0.940917645	0.619675934	0.760026115	0.866313652	0.68385359	0.722658776	0.953991623	0.838778613	0.664020304	0.811526799	0.748803763	0.826301957	0.955048314	0.807792593	0.769170313	0.724103242	0.93868705	0.880577888	0.736732738	0.967784474	1	0.922944049	0.914092715	0.772314037	0.766808414	0.957591883	0.9060478	0.88293266	0.881757687	0.710334615
S1122	0.862509361	0.810984106	0.928775414	0.928985812	0.851530823	0.906549391	0.795718777	0.967418444	0.889143831	0.916308979	0.863700636	0.785798549	0.882637031	0.836887184	0.871551662	1	0.931948945	0.835463491	0.818200616	0.924852208	0.847325357	0.936174127	0.915058487	0.894651867	0.859226764	0.949693276	0.802551543	0.88033986	0.959649262	0.93200018	0.886096769	0.884245137	0.817442345	0.764721426	0.901362782	0.931624168	0.907077333	0.899595057	0.804826457
S1451	0.875445025	0.850645776	0.867451383	0.894727538	0.801232823	1	0.824649026	0.966278911	0.888533474	0.85698408	0.983286725	0.820322748	0.824483131	0.830298318	0.802359448	0.999455072	0.884125494	0.828762348	0.893251445	0.903330555	0.855291563	0.923568671	0.904941945	0.951655045	0.844257519	0.92024589	0.790573415	0.932870864	0.926627013	0.875675432	0.875632155	0.994367682	0.923306958	0.79470548	0.977910994	0.855352999	0.881635006	0.867323391	0.810102562
S8057	0.914046939	0.833425823	0.923359255	0.927840477	0.855079668	0.957087021	0.798712642	0.939649853	0.808699194	0.997373517	0.840508928	0.844207702	0.969221109	0.862593436	0.971975985	0.908549539	0.974604118	0.857126884	0.869996529	0.863259432	0.925044648	0.956741143	0.873268888	0.86404838	0.896215549	0.938766499	0.936853565	0.91112762	0.915365998	0.884783665	0.897147876	0.918100086	0.83891257	0.860309628	0.983659449	1	0.911829344	0.886614923	0.980546305
S7588	0.918061966	0.729639584	0.950438997	0.937108286	0.603192968	0.991734937	0.786151909	0.943087424	0.853373124	0.955830962	0.787532597	0.818129193	0.885171731	0.794962666	0.770875454	0.921800883	0.877507323	0.769124415	0.876554824	0.899088417	0.845236008	1	0.895246396	0.818720361	0.823544383	0.887113522	0.889996024	0.78916034	0.847796562	0.929061954	0.899022917	0.918644575	0.753385707	0.776424346	0.958988759	0.888031024	0.80161451	0.856829012	0.882286298
S1249	0.741397716	0.458020371	0.815810165	0.62352497	0.45463209	0.838643872	0.492588675	0.975342922	0.497123906	0.831125272	0.515775002	0.513859261	0.743454617	0.463671925	0.648810074	0.798129462	0.500600165	0.61862636	0.487035699	0.750462364	0.758286311	0.853369207	0.700724714	0.654323297	1	0.800585833	0.749576723	0.636689145	0.952520493	0.605303394	0.85920128	0.584853695	0.450038542	0.493874294	0.741533578	0.792293371	0.62510943	0.82807538	0.761579484
S7070	0.73954211	0.560648625	0.578311102	0.836873033	0.608755918	0.855451027	0.471890549	0.886832382	0.686263605	0.784032244	0.826755012	0.762805996	0.770959244	0.800218865	0.628480565	1	0.771774756	0.803790893	0.829501771	0.964239845	0.645063827	0.747255163	0.906360415	0.89395417	0.885412528	0.760698285	0.752434464	0.910715952	0.815355382	0.766148166	0.703721275	0.903633069	0.646654906	0.616430175	0.952911271	0.653565273	0.721141846	0.803694618	0.54419414
S2198	0.802941952	0.689964527	0.86770313	0.812964123	0.695575965	0.971726746	0.680225172	0.862918608	0.735575389	0.943856264	0.724683058	0.671879116	0.815242543	0.712088705	0.895400895	0.840060679	0.756335759	0.762134901	0.785063395	0.804869202	0.730227418	0.890181523	0.841222779	0.798539422	0.822105141	0.857892962	0.789150488	0.828160822	0.818882555	0.706763044	0.875733471	0.818123641	0.634211815	0.902508599	0.870412835	0.920535499	0.85297826	0.822122477	0.772822782
S8006	0.701794985	0.541292726	0.868589912	0.71026196	0.622868864	1	0.552418131	0.863731287	0.68875829	0.932200565	0.772747595	0.722563702	0.76787234	0.783039247	0.864326511	0.845937186	0.727594898	0.818135052	0.750910568	0.719771798	0.561556778	0.802997551	0.826887953	0.930972978	0.90537415	0.751385476	0.783558855	0.649704209	0.854846515	0.659319195	0.877863012	0.716686035	0.514416371	0.870600046	0.772896823	0.791886465	0.841455003	0.850842798	0.718666847
S7259	0.618155435	0.580783643	0.729242918	0.636815073	0.46806974	0.787207388	0.61995972	0.902742417	0.636692217	0.702336504	0.683507343	0.489196389	0.757549397	0.608201669	0.573532165	0.982461806	0.594693522	0.670081911	0.603391474	0.679638921	0.664313814	0.811429487	0.730119713	0.724358651	0.806362151	0.834090382	0.697091025	0.981521111	0.728876201	0.724008046	0.713041531	0.820035824	0.575311059	0.661840454	1	0.600483542	0.787764316	0.727943093	0.580577887
S7816	0.586211658	0.540966126	0.691120607	0.538349971	0.465537426	0.746646702	0.617848626	0.784846758	0.499016352	0.690667912	0.610819426	0.534419083	0.685264113	0.573934221	0.543577588	0.652514017	0.612595273	0.561776769	0.628827123	0.606847208	0.476434462	0.751918015	0.654081814	0.657656819	0.672679689	0.749659788	0.672964068	0.687480031	0.569467245	0.452903406	0.659219426	0.584657637	0.430496571	0.551989138	0.669976447	0.764943644	0.702537583	0.668018803	0.618754299
S2692	0.667215501	0.508860535	0.981405752	0.828913744	0.274079469	0.814983956	0.555683935	0.858483047	0.623694769	0.89693001	0.63411183	0.479835798	0.975229833	0.705959366	0.88798403	0.753298791	0.742151377	0.715362345	0.557387914	0.768309602	0.798886621	1	0.856279011	0.835035225	0.60444302	0.930932506	0.783662462	0.845323194	0.804690872	0.78494475	0.765309316	0.883888858	0.50133178	0.66691943	0.892942241	0.786767365	0.742199011	0.719284034	0.690789061
S7233	0.768444478	0.736230966	0.908388954	0.76347145	0.6916951	0.926868487	0.721071113	1	0.748125851	0.939523084	0.888874656	0.67037049	0.906769796	0.740303186	0.930341184	0.84276317	0.865662816	0.715248601	0.739073895	0.843903803	0.915662156	0.920676676	0.919627734	0.944226258	0.847368806	0.952312539	0.817861434	0.894457502	0.840094278	0.78664928	0.831024339	0.846864964	0.816087214	0.664117582	0.972082318	0.8245858	0.846101025	0.856416833	0.943073515
S7767	0.522007041	0.421541738	0.781108201	0.688099697	0.496278237	0.948143292	0.422574447	0.808187217	0.513668564	0.813158672	0.588935627	0.510407633	0.92918387	0.534088283	0.687126001	0.723721885	0.501214374	0.57004441	0.640582144	0.696621967	0.572365315	0.873755737	0.837818893	0.825807002	0.584826214	0.945826149	0.759104478	0.691016134	0.945626785	0.532526031	0.663385522	0.617334538	0.381103082	0.552495455	1	0.850205967	0.908622313	0.687501381	0.468056838
S2686	0.758453751	0.732047795	0.838231388	0.735677956	0.696746145	0.926786525	0.651771393	0.913748192	0.749340515	0.944071585	0.753149486	0.66249748	0.987848709	0.702118301	0.731565776	0.853423934	0.787833042	0.711431621	0.810406896	0.806949722	0.719543431	0.900578651	0.878629492	0.86777305	0.85078705	1	0.752121614	0.952953471	0.747613457	0.763891742	0.883105042	0.867741361	0.672158671	0.708662327	0.981136719	0.951305279	0.779759372	0.79369155	0.749847025
S4900	0.605580578	0.644016056	0.712193467	0.658307741	0.538257429	0.890793542	0.590736578	0.914166621	0.622690613	0.801577041	0.626052171	0.587045857	0.839284455	0.634277257	0.64523148	0.719877388	0.593204551	0.605735263	0.677022108	0.747238479	0.53815694	0.826747534	0.743032099	0.680372458	0.659114666	0.869349818	0.735956442	0.761737378	0.762410342	0.418020543	0.71196562	0.643274114	0.495498604	0.804135809	0.758253108	0.975404702	0.880080341	0.668952308	0.626960655
S2693	0.666141846	0.723058818	0.916911291	0.635756334	0.630894171	0.893463837	0.651384761	0.970280472	0.736385313	0.823974956	0.71651528	0.550253158	0.695882579	0.631140353	0.660974158	1	0.855497961	0.569620639	0.615858888	0.778056245	0.648734264	0.866847371	0.818274587	0.799263932	0.590926601	0.933588861	0.666343524	0.829294254	0.827154393	0.858201137	0.762281061	0.74754106	0.726158796	0.611725113	0.823058782	0.879388385	0.783217267	0.659654299	0.619286455
S8495	0.44640271	0.489211909	0.707841606	0.271377743	0.56516729	0.64672089	0.492376026	0.79428643	0.246435998	0.682544036	0.579480421	0.420297813	0.828295846	0.608006757	0.62322214	0.590043595	0.744855207	0.47031127	0.453471673	0.58500432	0.806561001	0.636894965	0.641435852	0.842368284	0.231325143	0.89876349	0.797563311	0.779598154	0.74702223	0.587407555	0.543304551	0.606681689	0.454852517	0.604315038	0.912861058	1	0.931495663	0.891584639	0.692518691
S7958	0.689436189	0.50353366	0.771042447	0.286326697	0.889469115	0.867317851	0.537071873	0.856384688	0.178290753	0.922848801	0.797710175	0.640767328	0.927405183	0.782106371	0.873907892	0.810690159	0.798570212	0.792386461	0.519082042	0.866711902	0.892414402	0.663619113	0.791600954	0.986884936	0.154922579	0.77474298	0.881744622	0.716262015	0.74723264	0.562776502	0.762850602	0.815903461	0.500991021	0.856580047	0.773532006	0.870245202	0.919384865	1	0.876804732
S7119	0.882333506	0.742107671	0.843285648	0.889818931	0.831280614	0.863868733	0.725945274	0.864242231	0.951800649	0.933244696	0.803746116	0.688623667	0.979601237	0.909511241	0.899827209	0.799864475	0.845415597	0.800261492	0.78687908	0.771082656	0.854212136	0.933611361	0.873294337	0.890281811	0.812511079	1	0.941731235	0.964404394	0.818506778	0.785538364	0.873699907	0.914936612	0.804914185	0.794800087	1	0.919589735	0.920779485	0.852501283	0.837693455
S1848	0.68929368	0.802672241	0.654226783	0.758370445	0.676068522	0.912648421	0.569652216	0.896861835	0.724333511	0.814571394	0.858730876	0.778772871	0.835674306	0.744122607	0.698884932	0.894557345	0.593594698	0.808480446	0.836621745	0.699699884	0.888373961	0.894119472	0.902100112	0.879455558	0.935627231	0.94969471	0.635074047	0.97725857	0.945261811	0.696403043	0.691776741	0.747265066	0.820238925	0.709465086	0.885503662	0.594490614	0.931661963	1	0.775698604
S1233	0.829019567	0.688333335	0.905248852	0.886049302	0.699131776	0.921335032	0.58171634	0.9348572	0.810196736	0.82302693	0.831169699	0.894883645	0.819361312	0.837486406	0.70169336	0.933720268	0.819418011	0.869835988	0.843740198	0.941956191	0.847120018	1	0.94317034	0.807987301	0.866821385	0.924063742	0.783701889	0.93490743	0.95158655	0.865501585	0.826343144	0.966179312	0.803014431	0.76829978	0.900121865	0.83348533	0.892184453	0.875170054	0.741781388
S7680	0.903326631	0.964450442	0.962910144	0.966599266	0.95751708	0.975832124	0.957486688	0.989684922	0.971508497	0.976613263	0.993464522	0.959707319	0.987342115	0.9770053	0.89071211	0.967242681	0.962355049	0.927374418	0.97526477	0.952979181	0.963200077	0.970057702	1	0.929549172	0.983670103	0.957754079	0.928587415	0.974445388	0.953099742	0.976376907	0.975526773	0.969056381	0.886448392	0.908018411	0.972003772	0.961954315	0.980010676	0.973924924	0.888904542
S2244	0.760775699	0.80188033	0.914853674	0.727619883	0.721283859	0.847906706	0.778601327	0.911089048	0.817290655	0.83827652	0.76949615	0.668636822	0.717809102	0.792194541	0.807379683	1	0.837177946	0.684251567	0.754791742	0.821795533	0.750118679	0.873902305	0.865217078	0.828045299	0.729841705	0.842341005	0.734976699	0.791171011	0.819469366	0.867433062	0.819939353	0.805138306	0.744368442	0.755797475	0.781327589	0.837840498	0.762146961	0.719092832	0.687318266
S1826	0.986427729	0.917959682	0.972239474	0.953264555	0.954258924	0.99637756	0.955770827	1	0.893284033	0.977819788	0.960967578	0.860416858	0.964420139	0.978612401	0.977322886	0.995048531	0.96956219	0.974151433	0.979097097	0.968427633	0.816700897	0.975639246	0.985280412	0.984389751	0.963889789	0.949156444	0.890939284	0.879451027	0.911997046	0.990059342	0.97280659	0.939404259	0.779778581	0.95517344	0.979683807	0.971669292	0.987798562	0.997848374	0.961729527
S7575	0.835343583	0.905563653	0.997935953	0.855036897	0.888653367	1	0.998014094	0.998599884	0.931430804	0.995471725	0.962550796	0.89468554	0.982480688	0.991242669	0.845955335	1	0.996765403	0.892762421	0.99126065	0.975472352	0.963960183	0.996671624	0.998475884	0.998987115	0.946877231	0.994885588	0.888287392	0.904474909	0.862993928	0.984768271	0.990982578	0.820502087	0.756528325	0.902993641	1	0.988262299	0.996821446	0.9728113	0.9858281
S1030	0.780959445	0.887137373	0.993508922	0.782032736	0.758336819	0.927597734	0.88333615	0.976330035	0.882174736	0.905900574	0.903564796	0.729169618	0.864757905	0.81361241	0.737385132	1	0.937353871	0.735954902	0.845818887	0.880204084	0.822265953	0.949273416	0.902035702	0.947489387	0.778004833	0.928002976	0.828092092	0.915019389	0.877379795	0.94949394	0.89694906	0.825780059	0.805730084	0.756843472	0.92490691	0.906171725	0.876658078	0.878266659	0.790105533
S1096	0.713132621	0.85166215	1	0.734196839	0.671408541	0.878626206	0.880980843	0.933925152	0.824819826	0.902100468	0.807805586	0.655933402	0.796646181	0.801400469	0.776098517	0.917367632	0.797245293	0.671600881	0.741178944	0.844111557	0.700118699	0.938769963	0.840146559	0.923513469	0.695234077	0.946096509	0.685533557	0.89020487	0.848659574	0.894188232	0.837564079	0.845274596	0.852191735	0.73573776	0.911316541	0.853785047	0.812434887	0.841922251	0.685997549
S2759	0.866969357	0.811864727	0.958694205	0.836244222	0.663283626	0.908214006	0.729867029	0.935895117	0.829496314	0.860923391	0.81779926	0.70634579	0.82122843	0.774976918	0.727495146	0.958795002	0.861610491	0.846567629	0.701426027	0.92140671	0.718795498	0.905263718	0.9622513	0.935934309	0.684279493	0.89438194	0.800899232	0.899488268	0.907273331	0.877011342	0.850031734	0.929489174	0.871101391	0.72034039	1	0.827848718	0.871063627	0.831070625	0.602703462
S7041	0.926116565	0.980431754	0.950285168	0.991900142	0.885481715	0.959723823	0.861598765	1	0.96509715	0.991025892	0.95088677	0.951080944	0.988033179	0.968633961	0.906407266	0.911895186	0.99591726	0.913573745	0.986746664	0.954232891	0.95543135	0.993014485	0.974882687	0.962855981	0.922579875	1	0.933686129	0.985243476	0.887113755	0.898558968	0.954525783	0.99283801	0.929143846	0.938858958	1	0.993305574	0.984949488	0.952201432	0.904088448
S1129	0.9829587	1	1	0.99778893	1	0.980923443	0.995275659	1	1	1	0.970888335	1	1	0.950784926	0.913705598	0.990370418	1	0.959174242	1	0.97501758	0.997193438	1	1	0.970203653	0.998092893	1	0.93950259	1	0.996515329	1	0.993619331	0.999825765	0.993600422	1	1	1	1	0.987195995	1
S1095	0.730901882	0.802754449	1	0.691997735	0.688095909	0.908218757	0.764175964	0.946631628	0.796083965	0.858178692	0.778875695	0.633556978	0.785509197	0.765609486	0.768906419	0.944147924	0.810557593	0.647299482	0.740237777	0.853403027	0.71247456	0.926858178	0.843612288	0.887636626	0.672350558	0.956062152	0.735755233	0.897547812	0.899038264	0.859308742	0.823897549	0.886827456	0.804280068	0.733268976	0.886653058	0.937505372	0.882974871	0.746221897	0.684652608
S8146	0.698712654	0.674069229	0.738995312	0.626431922	0.834800647	0.979861881	0.611532835	1	0.611014972	0.878066058	0.86986502	0.606716538	0.724344976	0.776558575	0.756215108	0.982370392	0.907274988	0.584335134	0.9726733	0.794166602	0.645156106	0.752246781	0.753869979	0.914188918	0.679142868	0.990618924	0.705815269	0.732769052	0.751696969	0.961306319	0.838356385	0.843183934	0.602754598	0.638300214	0.924352224	0.838490701	0.787707166	0.964353347	0.719855108
S7843	0.741056755	0.501503754	0.997865581	0.851011586	0.297461746	1	0.523631427	0.8386506	0.667452428	0.836529487	0.656837003	0.719462143	0.867067703	0.77346158	0.697603645	0.923897017	0.714036981	0.71715494	0.77959963	0.830433831	0.808690711	0.910113241	0.786967746	0.810670203	0.73830121	0.894118949	0.768563826	0.729614413	0.850047807	0.874772844	0.842713773	0.869611305	0.558206341	0.67420419	0.991975482	0.904211444	0.82217246	0.871378067	0.842281922
S7276	0.659855552	0.794775196	0.758832101	0.783696206	0.651640922	1	0.841622173	0.979321674	0.703022001	0.828861606	0.912593241	0.76270518	0.790998278	0.818429064	0.651998318	0.928712892	0.783877282	0.714432281	0.822429047	0.743057486	0.565072314	0.822291784	0.842229744	0.833955031	0.848470929	0.955119195	0.851390176	0.966836185	0.979452239	0.835264447	0.863475451	0.917814253	0.91058195	0.808227823	0.95006417	0.910597204	0.944391783	0.865735843	0.789918258
S7207	0.876963955	0.666221427	0.925391278	0.79305089	0.612800759	0.949224945	0.697104823	0.943851556	0.677307119	0.958453773	0.653361864	0.668720878	0.834143403	0.694602388	0.844477247	0.920132048	0.69399464	0.723241744	0.788101712	0.787992956	0.846457759	0.929212478	0.79525451	0.80474283	1	0.905270438	0.922639304	0.70800247	0.905922398	0.822855451	0.930259178	0.945156562	0.622504604	0.772529448	0.972225928	0.910547406	0.864611047	0.86732426	0.769097055
S2718	0.624248999	0.52746078	0.823354895	0.715085688	0.210236736	0.816881298	0.663405444	0.820308433	0.668145594	0.84721943	0.616442932	0.616213593	0.744814987	0.620915217	0.73126046	0.759584157	0.585806003	0.678079582	0.752817889	0.734102569	0.67961615	0.885904414	0.737046279	0.786797442	0.737031843	0.738579615	0.825396868	0.803306263	0.964313349	0.786209482	0.822129002	0.781710658	0.550475879	0.651769167	1	0.621049516	0.858000468	0.832532935	0.586051448
S1047	0.72417572	0.757949414	1	0.709659583	0.690149536	0.930223514	0.717673455	0.961789379	0.807447068	0.899887526	0.766310551	0.642940283	0.699290334	0.719215765	0.671586496	0.925271676	0.804636463	0.670980206	0.669742476	0.831351863	0.736303882	0.956004937	0.865214954	0.796690882	0.684845343	0.8844691	0.702061151	0.780870002	0.843703155	0.8418071	0.854981241	0.816114029	0.736869219	0.690451559	0.815332027	0.85179529	0.785730303	0.701913736	0.663841307
S8043	0.727138677	0.774647148	1	0.736444484	0.723314245	0.964033393	0.723071664	0.964451235	0.844429588	0.896602966	0.798817645	0.702010687	0.737582766	0.749613728	0.677206528	0.981536434	0.830694434	0.718667685	0.708665091	0.909896051	0.751823531	0.963619547	0.90267679	0.869313793	0.716677853	0.913097474	0.733983896	0.855236029	0.911046423	0.922607853	0.834371684	0.837066316	0.741057329	0.694601932	0.886313659	0.891639036	0.817018155	0.723011707	0.659433542
S7596	0.766976244	0.766276515	0.983673669	0.774786016	0.779678	0.97071484	0.738878612	1	0.837358036	0.932776381	0.829870684	0.654997092	0.682229602	0.787357327	0.856765665	0.960664279	0.864566586	0.739378859	0.684530414	0.91022931	0.776141658	0.953656351	0.945497748	0.896888377	0.704185638	0.882836292	0.784548172	0.813048577	0.962830633	0.893257424	0.892884151	0.91153605	0.735139054	0.903750861	0.862823266	0.828635791	0.824917491	0.780063602	0.664792532
S1529	0.796824966	0.388411837	0.95903185	0.926466185	0.340132022	1	0.454403772	0.730547877	0.638873446	0.87261969	0.609116213	0.62243218	0.685239704	0.752105196	0.894087612	0.845531065	0.599393318	0.711708229	0.686060521	0.797614787	0.712233448	0.980275128	0.769903788	0.858270684	0.736406746	0.610439567	0.934164569	0.614291057	0.794979402	0.876667809	0.889518041	0.949505936	0.48615174	0.824619692	0.87357981	0.624789912	0.708663622	0.830984874	0.795879483
S2736	0.61018971	0.572420062	0.875070622	0.659557014	0.45177559	0.961736468	0.74691317	0.872629613	0.65752275	0.876499395	0.746636024	0.445879177	1	0.646472046	0.843638771	0.872480025	0.851358626	0.625112727	0.683282664	0.758541397	0.757030127	0.921383288	0.826358922	0.925817893	0.641503924	0.853635278	0.915584558	0.782876021	0.685510397	0.862337973	0.897564294	0.667434394	0.525597128	0.629811386	0.891288205	0.755269735	0.777850596	0.919189364	0.818192884
S8400	0.457712926	0.354329017	0.753424524	0.442316338	0.345642803	0.738717449	0.420619404	0.808134276	0.557450132	0.693193846	0.649315471	0.330264234	0.658118767	0.589153645	0.658300392	0.502789435	0.603608817	0.427477348	0.438861351	0.618486322	0.603139127	0.70633796	0.692926127	1	0.500710659	0.633471925	0.593359636	0.538828116	0.502754096	0.525161514	0.62017001	0.494904427	0.480667357	0.320241807	0.616376556	0.48720321	0.432174333	0.572933986	0.434200563
S1782	0.783777886	0.719400377	0.948553943	0.552179112	0.42723645	0.938841425	0.691569926	1	0.751783833	0.858914293	0.86360724	0.611311633	0.630132876	0.718656361	0.793591991	0.924751188	0.794596284	0.598137256	0.512822015	0.543781206	0.540446289	0.887035372	0.749880481	0.888151246	0.729922411	0.741359919	0.756463412	0.805199915	0.584002375	0.638011103	0.842284311	0.733700574	0.775690936	0.51830861	0.849497524	0.900520321	0.593175939	0.749981517	0.544287999
S7555	0.766849637	0.572365901	0.955793447	0.788463906	0.534448669	0.946125382	0.627182414	1	0.730918732	0.729674862	0.782123342	0.715303682	0.686553603	0.680128261	0.694739213	0.952022688	0.899967715	0.728721499	0.779477901	0.766993838	0.785324594	0.937667335	0.81282615	0.700991755	0.735640248	0.865612814	0.620187002	0.790183651	0.90092995	0.862088769	0.836596894	0.821040083	0.606618324	0.667116336	0.868330638	0.831882216	0.843970873	0.771961342	0.589154641
S1648	0.856339323	0.747504017	0.880187887	0.69086857	0.393828038	0.881430756	0.711510384	0.983139288	0.690555293	0.694029182	0.71338159	0.461878869	0.667927686	0.636494651	0.636800299	0.947330348	0.852320265	0.650597446	0.940570387	0.667473974	0.797520508	0.776848522	0.72381357	0.757257962	0.58437721	0.979540953	0.972979078	0.891109007	0.549792903	0.847326171	0.68174895	0.936160099	0.902363852	0.672521218	1	0.907498769	0.749794147	0.913802372	0.617735909
S7620	0.723540433	0.550676955	0.885082943	0.7325114	0.556034868	0.894106533	0.572812324	0.929863942	0.708556297	0.947406673	0.785622037	0.523397345	0.889423081	0.684689538	1	0.781884396	0.729929435	0.705315023	0.632866631	0.704051353	0.756658524	0.878592599	0.869527582	0.935242749	0.729975606	0.867099088	0.74315611	0.717812117	0.711711964	0.700061248	0.766063038	0.821864525	0.798301598	0.569543855	0.832725991	0.714782328	0.679686626	0.748355502	0.621501529
S8344	0.597275762	0.494519184	0.737512573	0.618609322	0.503074899	0.759135917	0.456768956	0.751962484	0.596440761	0.758373755	0.707366487	0.483294702	0.741819986	0.649182117	1	0.69573298	0.581215061	0.659949062	0.515577344	0.697336671	0.645079751	0.747761856	0.776066992	0.955499731	0.675496827	0.768838682	0.637876663	0.652571976	0.636693285	0.520488882	0.638385297	0.720151109	0.675313066	0.593492642	0.74142833	0.631511086	0.685809263	0.651572252	0.480558941
S7110	0.655039769	0.539294924	0.886403428	0.702069868	0.50911018	0.854280365	0.531762314	0.805485571	0.642751898	0.852531113	0.744240007	0.525657133	0.842915454	0.628431241	0.981308959	0.659200265	0.645910659	0.705911652	0.518766869	0.696434312	0.750336843	0.849254417	0.826022855	1	0.755585378	0.871708788	0.694049211	0.751193121	0.717064575	0.631848758	0.745882492	0.754514693	0.727160262	0.558212499	0.793003033	0.72484445	0.703111891	0.770377595	0.635143042
S7360	0.581213233	0.488508026	0.738826406	0.624959384	0.499287282	0.803552358	0.501439424	0.711280438	0.56200062	0.762326794	0.651350898	0.464637226	0.715032507	0.582934381	0.936424792	0.590525802	0.521419133	0.604231513	0.501814402	0.616889653	0.660476521	0.704728177	0.716538631	1	0.656639956	0.719643203	0.622351907	0.578637624	0.635317805	0.52640899	0.650108474	0.633749333	0.643951023	0.459104009	0.76183946	0.570254047	0.577062946	0.685372893	0.581106127
S1181	0.841416753	0.639357277	0.910302614	0.842360471	0.546798931	0.956229152	0.647609468	0.862227426	0.774093208	0.902473394	0.675428899	0.593503618	0.961706852	0.699112944	0.660197565	0.946432677	0.821663952	0.745982865	0.760655041	0.878923714	0.728407381	0.939642222	0.814557227	0.855862289	0.781927917	0.902059003	0.885601998	0.868998273	0.857302931	0.828621043	0.904323377	1	0.652511664	0.742311976	0.912592204	0.881911617	0.796935094	0.837840936	0.753708356
S2018	0.800324493	0.573558858	0.828939676	0.783368452	0.48651793	0.865074999	0.538891872	0.760317094	0.662606788	0.856505685	0.651276798	0.540193448	0.864523775	0.640421007	0.777952504	0.821996095	0.724259979	0.712664876	0.672109422	0.788770579	0.698419752	0.889145079	0.752865636	0.83740291	0.682834464	0.80479803	0.822314641	0.805002784	0.732773171	0.730535392	0.818225842	1	0.587165392	0.683283463	0.816429009	0.824083306	0.725770894	0.768889338	0.652470831
PAC	0.564068085	0.275979662	0.80276309	0.630103353	0.154271565	0.921196792	0.379129557	0.91582388	0.577482553	0.567605583	0.525351608	0.48492362	0.510855957	0.490924705	0.395832869	0.921271806	0.704876986	0.690699453	0.589122413	0.622118554	0.679692194	0.864022325	0.624247892	0.49960648	0.719140114	0.782511277	0.560241109	0.582425765	1	0.792551821	0.684338283	0.726074593	0.465204387	0.561391472	0.762965921	0.589951955	0.79610543	0.768784221	0.460675867
GEM	0.550533664	0.390997319	0.615608137	0.367147269	0.214728869	0.860993675	0.38214745	1	0.616447246	0.57783458	0.619456262	0.469943608	0.220641798	0.493161666	0.407423648	0.970916755	0.67536847	0.537443199	0.483472839	0.627245927	0.559709294	0.625796464	0.650967716	0.624318068	0.585464057	0.82074955	0.599025971	0.482998373	0.592063145	0.832721756	0.579441235	0.664817973	0.459217434	0.56563086	0.929574985	0.531639181	0.547092503	0.741614439	0.349376869
IRI	0.703735341	0.863081213	0.926166407	0.730211989	0.791912315	0.907403671	0.814385841	0.970448118	0.679806681	0.862153897	0.843641967	0.8268869	0.781318671	0.751790524	0.654231455	0.993058992	0.983531718	0.732960743	0.978423326	0.911098259	0.825563409	0.873247277	0.877591322	0.854923649	0.724153712	0.953253454	0.854510742	0.842918327	0.820051516	0.941485127	0.830134254	0.894053266	0.729437052	0.745073143	1	0.929695273	0.864749821	0.973618474	0.881390025
5-FU	0.876031188	0.645524158	0.914075277	0.857062146	0.852948239	0.959475523	0.780954084	1	0.764766118	0.883671836	0.812417577	0.771627446	0.745118903	0.75565362	0.799231008	0.832745298	0.858252386	0.643032011	0.843210712	0.746565272	0.863732683	0.910838826	0.863399308	0.835497	0.985140305	0.814316456	0.823000703	0.685057065	0.79677299	0.816253387	0.912519181	0.842535721	0.645350185	0.834844265	0.838080342	0.867150701	0.702454916	0.924819713	0.921027717
OXA	0.855148568	0.846163794	0.905805326	0.861279201	0.858578683	1	0.962308038	0.97455548	0.680873777	0.923716265	0.884449198	0.637366	0.798949608	0.834063519	0.906296816	0.948584724	0.887073846	0.822477888	0.927093173	0.8969576	0.769308231	0.908515243	0.881969247	0.926920031	0.78722071	0.74506284	0.854876823	0.685270483	0.734784671	0.800312022	0.894769034	0.817886595	0.658177628	0.79197375	0.840859674	0.774516076	0.804852635	0.943644575	0.86910191
