PFKFB4	0.85644	1.83316	3.68981	2.22488	2.82076	3.67767	3.29413	1.81743	1.53679	3.47988	4.0828	1.07526	1.17738	3.27979	1.69259	0.867798	1.56868	1.98986	3.30692	1.70475	1.22672	2.85747	1.85418	1.09826	1.41736	0.868122	3.0561	13.1283	10.3332	0.956335	3.17086	2.70687	3.93087	14.7385	0.887469	2.19192	3.99328	2.41732	2.00904	1.72557
ALDOA	196.477	166.245	142.904	211.495	129.027	194.103	297.15	129.031	169.712	188.1	166.131	121.475	167.617	126.388	160.243	148.262	259.755	188.692	272.102	197.425	151.898	302.072	191.827	194.703	197.297	189.112	200.422	376.151	586.756	164.633	342.459	417.83	329.104	536.526	182.911	273.886	126.382	169.523	213.848	278.454
NUP210	5.9186	3.41967	6.0964	7.11054	5.66484	6.4764	6.11924	11.6816	12.3608	9.4533	8.69231	12.5901	8.55143	9.1841	9.37166	6.33968	10.7639	6.39941	8.96781	11.0233	9.18046	10.3376	7.95865	10.5307	8.93072	6.41647	5.61156	7.49693	16.5651	11.8061	8.80283	14.6641	11.225	18.7195	11.3686	15.0831	7.43381	13.8001	8.31636	17.9408
AGRN	25.703	28.7478	14.7129	20.8131	25.3416	50.3777	30.6439	20.9735	29.4999	25.8275	25.3193	26.799	37.5314	35.4939	34.3911	29.787	43.9726	23.8819	36.5695	42.654	30.2385	31.2898	22.3388	34.4759	15.8256	19.4085	6.74214	49.9321	22.1141	47.3138	42.628	32.083	25.0243	60.3419	33.9537	48.4817	57.5972	59.0758	89.2831	64.5187
PFKFB3	3.51092	4.10611	3.85734	4.31877	3.82735	4.63543	6.57218	1.841	7.33504	3.71028	2.86001	1.64914	6.14428	7.84163	4.52469	10.6617	8.3103	5.62319	9.24356	4.97629	4.2326	7.13671	5.21834	5.22435	7.21605	5.06868	11.2872	38.0737	29.1733	5.71903	25.749	10.2212	6.92662	25.3226	4.39433	4.04413	7.32627	6.20247	6.51355	12.1622
CHST7	0.381052	0.608649	0.434597	0.20318	0.869108	0.311698	0.575143	0.140179	0.817747	1.28392	0.116198	0.131193	0.606631	0.71558	0.68694	0.292421	0.641062	0.956373	0.889717	0.65239	0.686549	1.16058	0.669012	0.249473	0.684716	0.824706	0.506487	1.31934	0.355248	0.382336	1.80376	2.30424	1.68643	1.15638	1.54166	0.477228	0.874977	1.1052	0.982966	0.636513
SLC2A1	18.9241	15.1257	12.5946	31.7071	25.3184	16.3475	29.2246	15.1208	27.0819	61.4235	16.3536	13.9194	31.3552	21.7443	38.6369	28.7	106.979	58.2333	56.2028	46.1465	28.6072	49.8578	20.2488	22.6641	11.4484	22.9497	17.1657	113.378	136.812	129.383	83.8631	52.7804	70.8629	225.596	24.3514	71.0052	26.7241	101.281	102.85	72.2949
TPI1	73.3106	67.6192	76.1161	99.1213	67.7347	85.978	116.816	75.3305	44.4465	152.067	96.8089	70.9442	66.3651	56.327	100.401	74.3219	49.1588	105.619	95.5929	96.0944	72.4953	115.988	84.5919	102.075	120.938	82.527	129.474	119.101	190.703	61.7517	165.462	237.135	124.124	271.571	78.6164	200.967	123.872	71.972	150.576	47.9822
SLC25A10	7.74591	6.74737	5.78913	11.9693	4.73312	12.1188	6.57913	6.26823	9.53703	5.02698	3.76574	3.5423	6.61373	4.07026	5.66014	5.6381	5.21513	5.13339	12.8269	14.9815	8.05279	14.0685	7.8867	11.1101	7.62728	6.38899	9.89387	3.86051	24.1782	7.81381	11.0291	9.2456	19.7498	12.8558	10.8279	14.7274	8.57652	14.0307	8.29326	13.8079
B4GALT7	5.08401	3.47459	5.82435	6.78735	3.62429	5.68098	3.9479	4.5678	4.56912	6.30064	4.75741	4.5744	4.68236	4.76978	4.05744	5.21515	3.862	3.69433	6.23511	8.69126	3.47224	6.26646	4.75427	5.53788	4.59957	4.91829	4.92793	5.02822	15.2889	5.33754	6.45508	7.46223	6.40766	5.51484	8.07427	8.60677	13.0484	7.54294	7.44685	8.18093
GALK1	2.39272	2.63388	1.96521	3.90404	2.70778	3.31438	2.56826	1.99056	3.13498	2.02024	1.6174	1.004	1.19407	2.93444	1.44437	2.50089	1.6218	1.38834	5.46757	5.64315	2.52998	3.532	2.73366	3.00435	2.76196	2.4459	4.602	3.76506	6.56224	2.49808	2.92709	8.55122	6.863	3.98679	3.19524	3.87403	2.28818	4.19222	2.43999	4.32568
B3GAT3	5.16397	4.83244	4.34345	8.67984	5.8168	6.15753	5.39928	5.28365	5.67842	3.57376	4.80152	3.59824	5.0177	4.34952	4.75048	6.96295	4.29999	5.05803	9.06938	12.5709	3.825	8.31424	4.32477	5.41667	6.39078	3.64924	5.08575	7.74137	8.885	6.51848	8.04511	14.6716	10.4701	10.925	8.35161	9.83565	6.89515	10.6098	10.1103	11.6485
PGK1	74.2098	53.9186	71.7943	77.3243	64.5843	59.9811	116.657	38.2974	55.3976	77.3332	73.2514	41.1805	57.1294	39.9805	65.809	60.5412	85.3641	85.1781	121.437	80.304	53.8807	105.647	65.9259	72.0628	77.3188	82.1004	119.249	197.746	273.499	68.5875	248.273	158.541	151.013	238.676	72.582	91.9365	56.1151	113.746	97.4659	96.5931
PFKP	23.3157	21.7745	19.6785	24.8457	15.9263	22.2248	48.8712	13.5888	24.6944	15.0145	9.31914	12.4705	25.6372	7.97975	9.15537	23.4868	23.1208	23.6122	38.7034	25.8641	7.61625	8.69769	6.81204	13.9542	16.5773	16.5251	20.0741	42.9743	50.5628	26.5709	41.2737	43.4824	31.0864	26.3657	14.0118	22.7404	18.4772	31.4487	31.3757	44.8444
ENO2	7.40156	1.09634	5.73261	5.44982	13.0786	5.68505	11.3833	3.90144	4.24129	12.1649	5.37673	3.42729	3.37878	9.05251	4.9848	9.91097	3.57553	14.2623	8.85927	9.41772	3.71985	5.63761	4.32269	4.85165	10.4754	1.56518	4.89096	30.3568	19.2076	3.68789	13.3135	17.4165	8.50004	36.754	2.95181	13.3293	13.9141	9.5178	7.1673	4.12868
ALDOC	5.1715	2.82441	5.33484	0.187451	4.69138	5.73566	7.7892	4.65673	2.61614	8.87081	14.6187	5.54474	4.37065	3.27453	5.72554	2.155	6.5563	8.52832	15.0568	8.98677	4.40773	13.2303	10.0214	6.80091	0.477229	6.27404	14.0524	24.3113	56.4979	4.3171	27.2222	17.9475	33.341	32.3169	4.06999	7.84512	10.9059	6.84878	3.12881	3.57108
PGAM1	24.0658	24.9461	18.3776	13.5253	23.0367	27.4942	20.7834	16.6626	31.063	27.2297	15.5787	14.5748	34.3792	18.5005	24.213	19.1194	28.3024	25.5348	37.1792	33.4208	22.3381	30.3988	24.8926	27.1257	16.8304	20.1319	29.0653	26.0673	49.7657	19.8311	30.4522	52.3397	36.2321	77.1339	25.4376	33.9825	24.6375	38.8926	31.3776	47.6999
TKT	84.51	26.5282	86.0696	152.52	87.9943	124.839	100.259	60.1392	87.1571	71.4071	41.9615	53.702	67.316	51.4758	63.3442	51.8269	60.6857	51.6702	131.443	102.127	75.7872	88.4209	88.7786	75.1509	81.2401	59.9523	85.1917	149.229	298.1	111.547	85.9356	74.4354	95.7403	125.362	74.8292	164.242	58.7314	160.33	112.825	122.774
GPC1	12.7613	3.52427	5.20296	21.6926	9.23138	7.22973	11.6929	7.96135	9.72026	4.22373	9.777	7.37232	6.84309	5.95415	10.2972	10.1574	12.2153	5.10324	15.3728	17.2867	8.78843	7.69207	6.72223	13.5384	14.4548	2.32605	4.48906	8.54806	7.52559	13.8456	5.02334	18.0406	18.4657	20.3675	10.6544	15.408	10.2604	35.8124	22.4388	14.7175
SDC3	3.3741	1.62519	2.40989	3.32659	1.28023	5.63145	3.89048	0.826769	2.62308	1.17226	0.592495	0.61636	3.46259	2.26732	3.54042	1.95236	1.90716	1.29708	3.88492	3.04515	3.21197	3.03539	2.57292	2.33189	2.54125	1.4218	0.450743	1.53205	2.30419	3.9256	1.67209	2.78209	2.35165	6.78305	2.73729	3.5487	2.36785	7.36034	5.11408	5.76738
G6PD	10.5854	5.5544	8.88006	60.0658	13.5317	13.9238	13.8835	10.8908	10.3565	18.7729	8.6373	12.2107	8.73214	11.891	7.55835	20.1968	12.2464	10.7733	10.8759	15.8834	8.43528	10.413	7.63496	11.5924	23.6072	6.15308	6.78788	16.1113	39.6235	10.7103	5.67657	13.285	18.9046	10.7733	13.2542	28.8364	42.7424	19.9938	24.8124	19.3748
PGAM4	2.09621	1.87863	1.70625	1.25304	1.38549	2.38483	2.86153	0.878585	2.02581	2.40991	0.520125	0.797756	3.15936	0.998468	2.21327	1.36961	2.02448	1.49355	4.39385	2.53696	1.75622	1.84976	1.72357	2.36166	1.39115	1.32566	2.52271	2.65003	4.67916	0.968227	3.77305	6.33191	3.26927	8.1633	2.15122	2.17506	3.17419	2.1092	4.71471	4.93104
IDS	5.94625	3.91382	7.10221	7.56325	14.6889	6.76564	13.9181	10.108	9.74769	13.7354	7.65245	6.01072	4.16212	20.2572	10.4889	15.78	10.3845	13.4059	9.46917	9.01637	6.27255	4.46265	4.53415	5.80154	7.59663	4.50586	8.07982	20.5464	9.41457	8.20685	7.47986	13.7365	18.2706	12.9595	7.34718	9.25216	24.8818	15.1886	17.9934	33.1324
CHPF	10.5083	7.63098	9.86963	13.8834	10.8963	9.34187	20.724	12.849	12.1191	5.26901	19.8022	18.8902	6.78864	9.95805	11.7	11.8725	12.3731	10.6405	20.1989	18.4557	10.8273	32.5251	12.9548	17.6324	13.1571	12.5868	10.2295	15.764	20.9194	29.488	19.2036	47.7908	26.9595	26.4429	24.8502	18.477	18.5761	24.1865	26.6437	40.8992
