pvalue2
1.49E-12
5.07E-12
7.02E-12
1.13E-10
1.76E-10
6.54E-09
1.71E-08
6.70E-08
1.13E-07
1.54E-07
2.55E-07
2.88E-07
9.47E-07
1.73E-06
1.95E-06
2.11E-06
5.43E-06
7.43E-06
7.53E-06
8.27E-06
1.02E-05
1.04E-05
2.07E-05
2.08E-05
2.22E-05
4.92E-05
4.94E-05
6.03E-05
6.46E-05
6.50E-05
7.25E-05
7.38E-05
9.50E-05
9.72E-05
0.0001079
0.000111406
0.000151577
0.000276464
0.000437585
0.000491225
0.000684449
0.000945351
0.001142324
0.001623198
0.002018886
0.00205659
0.002885038
0.003556817
0.003684313
0.003950763
0.003979132
0.004326097
0.00512067
0.005893489
0.006802547
0.00684318
0.01026642
0.011134203
0.012861099
0.013717548
0.015870532
0.017140559
0.017821597
0.019000997
0.021461534
0.021736884
0.022424127
0.022742876
0.02342548
0.026616994
0.027819528
0.029522077
0.029532469
0.030748584
0.032237316
0.032696443
0.034285171
0.037624882
0.038210497
0.038581799
0.038678728
0.041311804
0.041936144
0.048081303
0.048367505
3.08E-10
3.14E-10
6.18E-10
2.18E-09
7.83E-09
2.86E-08
4.09E-08
1.72E-07
2.85E-07
2.95E-07
3.00E-07
3.01E-07
5.33E-07
6.83E-07
8.47E-07
8.92E-07
9.18E-07
1.09E-06
1.92E-06
2.26E-06
2.75E-06
2.82E-06
2.90E-06
2.92E-06
4.86E-06
4.99E-06
5.28E-06
5.36E-06
6.55E-06
6.72E-06
6.86E-06
6.94E-06
8.68E-06
9.49E-06
2.03E-05
3.65E-05
5.31E-05
7.08E-05
7.33E-05
0.000140272
0.000147031
0.000152048
0.000155096
0.000267132
0.00034199
0.000494419
0.000533603
0.000672661
0.000833908
0.000906618
0.000926097
0.001026028
0.00114097
0.001179047
0.001206849
0.001360222
0.001662954
0.00167283
0.001896529
0.002198699
0.002423513
0.003093808
0.00357348
0.004100516
0.004254506
0.005214067
0.005399722
0.005542095
0.005620642
0.005999349
0.006034576
0.006593186
0.00666544
0.007198117
0.007238537
0.007270537
0.007661502
0.008059436
0.00907315
0.009423848
0.010729013
0.018798928
0.02101381
0.027066874
0.027403763
0.028631941
0.032439338
0.033477464
0.034761818
0.034898789
0.035467379
0.036105668
0.038644518
0.040025021
0.043348768
0.0456065
0.046002728
0.046109618
0.04731787
