TF	CAS-DAC-18	CAS-DAC-7	CAS-DAC-37	CAS-DAC-30	CAS-DAC-20	CAS-DAC-1	CAS-IPMN-1	CAS-DAC-6	CAS-DAC-36	CAS-DAC-2	CAS-DAC-15	CAS-DAC-19	CAS-DAC-28	CAS-DAC-33	CAS-DAC-12	CAS-DAC-14	CAS-DAC-25	CAS-DAC-8	CAS-DAC-31	CAS-DAC-27	CAS-DAC-11	CAS-DAC-9	CAS-DAC-5	CAS-DAC-4	CAS-DAC-38	CAS-DAC-29	CAS-DAC-34	CAS-DAC-23	CAS-DAC-32	CAS-DAC-42	CAS-DAC-41	CAS-DAC-39	CAS-DAC-35	CAS-DAC-3	CAS-DAC-26	CAS-DAC-24	CAS-DAC-22	CAS-DAC-21	CAS-DAC-13	CAS-DAC-16
MECOM (28g)	0.777600024	0.76760871	0.794093543	0.756878843	0.752074572	0.759025798	0.789286818	0.722615899	0.701423615	0.684979168	0.749765675	0.73156686	0.762698931	0.717963754	0.692671401	0.674416151	0.668242736	0.707049863	0.758093406	0.709886297	0.706036501	0.688706282	0.680695074	0.742569083	0.714599783	0.766129151	0.761589875	0.766749928	0.765586892	0.699367446	0.760831693	0.691859238	0.746264299	0.645519367	0.755769788	0.696778832	0.669977475	0.710460454	0.58746571	0.742534732
NR1I2 (12g)	0.698830409	0.651159863	0.673744864	0.744441011	0.733048374	0.613508657	0.626612193	0.530538675	0.698733134	0.602281961	0.535802978	0.522121514	0.724139115	0.629370229	0.631647612	0.564167267	0.647881118	0.604261796	0.560007324	0.547802154	0.652750598	0.577551184	0.620924457	0.611048168	0.564716586	0.678311074	0.537130497	0.722039116	0.598734279	0.646748149	0.648407549	0.596685778	0.539476545	0.595272428	0.603878418	0.570810588	0.475686934	0.57690459	0.508943592	0.707505064
HNF4A (1193g)	0.592572168	0.605841322	0.599842086	0.612424488	0.584438111	0.602120219	0.574846988	0.486684145	0.54953503	0.547091628	0.492488897	0.488910627	0.55588622	0.526136234	0.563143001	0.529241012	0.528217544	0.555915255	0.567382886	0.565135528	0.581271485	0.627820904	0.612599836	0.59293096	0.56661821	0.580691093	0.558885298	0.591552179	0.598812259	0.542519044	0.569004923	0.561579634	0.554007792	0.56037386	0.570169424	0.57835873	0.494385322	0.568772106	0.51675831	0.583416623
HNF4G (495g)	0.618985696	0.650636374	0.615506976	0.657585631	0.587497655	0.622023616	0.609942745	0.485952811	0.586550465	0.546734204	0.496333676	0.484854127	0.605132317	0.576331673	0.606867728	0.594732974	0.580006319	0.571178903	0.600650126	0.577464352	0.618309756	0.632069332	0.637053964	0.59348604	0.58271163	0.59932801	0.600608656	0.592271267	0.601011794	0.59081684	0.577894995	0.560575593	0.572742084	0.57736392	0.575491685	0.585425403	0.481953172	0.594397684	0.551344051	0.611889175
ESR2 (27g)	0.288314352	0.298560858	0.34283686	0.236209072	0.315354239	0.309051632	0.274622658	0.213919677	0.314723215	0.255366248	0.23139497	0.204596806	0.269299665	0.287090471	0.248717596	0.300901754	0.239234425	0.233392365	0.283294149	0.266142001	0.247180748	0.242580379	0.23645334	0.27651573	0.215232614	0.311415428	0.279551261	0.32293416	0.245114653	0.269979034	0.346650993	0.229662199	0.246951747	0.221206986	0.288988631	0.239832372	0.229054075	0.280943076	0.251658982	0.281948134
CREB3L1 (545g)	0.689653761	0.691253121	0.700914993	0.664519213	0.667662492	0.680463021	0.661579481	0.663111335	0.611149577	0.636615111	0.686446955	0.674755274	0.658377295	0.641312317	0.657229303	0.643496647	0.624965012	0.654422401	0.666390139	0.648919354	0.670183839	0.678544225	0.67733463	0.698823581	0.661552401	0.702703525	0.698881975	0.651437878	0.671544232	0.610968106	0.658170797	0.586010923	0.659877192	0.613366248	0.67316079	0.650643203	0.644038237	0.634703758	0.596690779	0.64717651
YY1 (348g)	0.732778882	0.730330998	0.699334722	0.742285165	0.746395246	0.733266342	0.73534374	0.660617323	0.728498729	0.709691566	0.65360184	0.646850648	0.733297882	0.732596633	0.730604871	0.729258864	0.727086649	0.728130239	0.708443371	0.709189534	0.727192046	0.709510515	0.728636862	0.727305428	0.708403847	0.708203633	0.719886922	0.710635947	0.683307004	0.710734357	0.680072037	0.709038026	0.690796972	0.709692165	0.686893294	0.721428951	0.649338255	0.728966028	0.727759753	0.721916411
E2F8 (328g)	0.71163326	0.689575924	0.696341209	0.688899734	0.72432362	0.702073268	0.672719007	0.702222263	0.696722162	0.708436226	0.669077952	0.696423961	0.713492941	0.679711382	0.698633483	0.654973202	0.675954137	0.691565764	0.637189302	0.66567605	0.699084064	0.677882812	0.696696341	0.720195158	0.714805109	0.686692752	0.681710111	0.668404514	0.675069058	0.634652584	0.640196072	0.690571267	0.678613817	0.693619095	0.658245369	0.675420592	0.634189728	0.634499992	0.6387002	0.677929796
EGR3 (16g)	0.570266628	0.571846135	0.688789788	0.386078014	0.491205405	0.593598702	0.489261065	0.505893109	0.464504	0.572361192	0.458980016	0.452743536	0.462383683	0.481337774	0.578022525	0.416805446	0.605917145	0.516468942	0.519688047	0.388979501	0.556922364	0.454782303	0.569176424	0.600908217	0.40614377	0.583709611	0.482453731	0.563313361	0.460293411	0.407276895	0.472448752	0.384919136	0.37887151	0.478234557	0.471882189	0.415431961	0.446871888	0.43333877	0.458958555	0.468920613
ETV6 (167g)	0.600834917	0.608063453	0.604219147	0.581312868	0.58083791	0.609308513	0.62717255	0.669257371	0.605467926	0.649187198	0.676894726	0.649298807	0.627850471	0.655798992	0.638695962	0.630185163	0.617079799	0.663003139	0.605764723	0.59589643	0.612421987	0.562554306	0.575876275	0.579120786	0.582035019	0.598374974	0.588630691	0.59150028	0.592810238	0.64348605	0.626346644	0.612233492	0.588774129	0.617112041	0.592990465	0.611942896	0.671222928	0.591816092	0.647376654	0.58234959
TEAD1 (476g)	0.588517771	0.555655888	0.528945758	0.569339092	0.579895259	0.572130733	0.607182803	0.63073218	0.609609437	0.606121352	0.629487199	0.609327986	0.607951076	0.644636733	0.614783589	0.648710295	0.63560216	0.624941328	0.575829173	0.560088739	0.582448693	0.508932548	0.531451404	0.54239398	0.507188725	0.524859003	0.535899208	0.574511192	0.532000966	0.637025832	0.543751394	0.537701226	0.572641889	0.594253799	0.549348016	0.579102213	0.616244788	0.607452526	0.648890013	0.618358895
TP63 (37g)	0.514152459	0.479803561	0.453380189	0.549990992	0.449722969	0.487827529	0.544985299	0.570065771	0.553053844	0.655251706	0.561713043	0.54097703	0.546055161	0.571874878	0.619556193	0.580264754	0.643022584	0.665857459	0.495689903	0.520896678	0.562511725	0.489580915	0.522941676	0.477725131	0.48424832	0.469931481	0.450404635	0.440162931	0.500266537	0.557372299	0.473965753	0.496048382	0.478029744	0.630204667	0.474337233	0.563795188	0.535609144	0.547737965	0.627604307	0.537327239
HOXB6 (62g)	0.334483413	0.368216981	0.308034174	0.272524454	0.348801347	0.396713066	0.312814585	0.568391823	0.362592316	0.409157221	0.585928131	0.582657615	0.394860365	0.436248803	0.42291047	0.463050832	0.428796954	0.417378995	0.405059092	0.337123788	0.401158437	0.346199801	0.348100206	0.292543602	0.328620226	0.319519807	0.411145268	0.356157788	0.349875248	0.389567411	0.335188992	0.30168396	0.398707769	0.420960143	0.365472322	0.305501411	0.517398187	0.3692576	0.44492876	0.423783569
ELK3 (31g)	0.4163161	0.347497861	0.280842868	0.341012558	0.391465377	0.39397217	0.531785963	0.520178468	0.573344209	0.552857656	0.494682761	0.438511528	0.51706437	0.532976191	0.596780843	0.564841946	0.573344209	0.546288128	0.364965623	0.444323033	0.497282645	0.343778675	0.378142357	0.303448337	0.313384637	0.321467992	0.321607628	0.389530425	0.349113646	0.584776605	0.376457863	0.456939008	0.419492258	0.56887365	0.364059099	0.477164021	0.399881199	0.433925714	0.623012408	0.491291608
CTCF (787g)	0.748573837	0.734528856	0.730414309	0.731585553	0.72935188	0.724435379	0.730215591	0.764174681	0.743410933	0.741935741	0.76131653	0.772828282	0.751529869	0.735852299	0.761732072	0.747100348	0.747183349	0.742845703	0.681139141	0.689097094	0.759513457	0.718452506	0.754445386	0.751443731	0.758799704	0.739989524	0.71894083	0.677299231	0.692304369	0.681020287	0.67508232	0.684113816	0.693482246	0.728075675	0.700491336	0.703248112	0.69174371	0.676802212	0.698566989	0.711270691
TGIF1 (10g)	0.554677469	0.584578942	0.555810361	0.575193107	0.585073295	0.598599334	0.632538021	0.715458821	0.617075766	0.642761509	0.72275739	0.711126369	0.523849085	0.696233994	0.604023482	0.620749082	0.632380102	0.668852346	0.62250678	0.586686807	0.580081706	0.546891414	0.550173367	0.588966322	0.573888565	0.545243572	0.585505853	0.589220365	0.597356586	0.538748326	0.521267465	0.48550242	0.639287308	0.527639123	0.554890315	0.584050259	0.686024237	0.634460503	0.601332006	0.621064918
HOXB5 (20g)	0.244987809	0.347127305	0.215024554	0.107201484	0.226628662	0.357117346	0.109770253	0.473484666	0.308200831	0.335512895	0.516638621	0.499845462	0.350819053	0.339015763	0.342374395	0.315031423	0.373838387	0.337144133	0.336584361	0.215941482	0.338995158	0.299965658	0.305340156	0.133692778	0.264861431	0.245877262	0.352014149	0.247010543	0.282252138	0.32905663	0.226820976	0.153023799	0.324101102	0.360448504	0.260039837	0.109251691	0.419111233	0.261382602	0.271369209	0.340046018
NR2C1 (11g)	0.761335547	0.784849317	0.759544081	0.666344161	0.781228933	0.745955157	0.772845872	0.810429203	0.747159871	0.780248933	0.823912012	0.799661681	0.778295174	0.766934658	0.783569699	0.784131482	0.778151607	0.791078874	0.671924546	0.695800355	0.77559237	0.732765724	0.783519762	0.788912886	0.76984345	0.756916182	0.763613892	0.714414122	0.667180595	0.704963671	0.707760106	0.638429752	0.683303788	0.721973234	0.715344186	0.751385733	0.763370453	0.644409628	0.652012434	0.701880103
FOXA1 (61g)	0.570938087	0.542501288	0.585867971	0.521240214	0.557188748	0.53633472	0.556338576	0.620894169	0.553807227	0.579798372	0.649995095	0.632681572	0.583825979	0.625015363	0.563046368	0.607691692	0.572452386	0.582266578	0.554515328	0.514769208	0.563006904	0.512894093	0.52068095	0.544075347	0.491416529	0.555843582	0.521283061	0.564511055	0.549557493	0.581105201	0.576246591	0.499045529	0.546412758	0.531204369	0.587502918	0.538823222	0.633523852	0.569336967	0.577074212	0.611385544
GATA3 (17g)	0.486828232	0.441016898	0.398566679	0.477581129	0.526587944	0.476514622	0.555359401	0.564541866	0.563002703	0.52889467	0.561932156	0.528842153	0.566012354	0.687190198	0.555201849	0.695815171	0.681558716	0.571126741	0.504914417	0.478538562	0.493974638	0.369136735	0.40399213	0.358863523	0.364551562	0.391775775	0.469909549	0.514581658	0.435639925	0.636240239	0.436391327	0.412588825	0.465942465	0.516027907	0.483188372	0.502587492	0.61216303	0.546294089	0.691710734	0.610664264
HOXB3 (20g)	0.264851128	0.353295099	0.228888355	0.119186785	0.240780933	0.395178406	0.142037845	0.493849377	0.350746935	0.393869982	0.523129228	0.531869226	0.36892407	0.387599162	0.39869501	0.40616436	0.403671143	0.414492256	0.424932175	0.282303651	0.400813902	0.353504585	0.340083794	0.164596999	0.303056424	0.263329785	0.455657818	0.242055016	0.304406058	0.329169958	0.249871218	0.179257529	0.391095161	0.421240427	0.293825337	0.12371304	0.496589855	0.315714825	0.326134139	0.360300835
MEF2D (13g)	0.546849497	0.642962407	0.538704515	0.547393553	0.539111236	0.56098437	0.547731606	0.591847622	0.536702602	0.6058927	0.622256614	0.599168599	0.582725453	0.666647299	0.56917161	0.505268885	0.627971836	0.623614112	0.552342871	0.459483729	0.549860289	0.506356995	0.525383084	0.563451106	0.455854933	0.556315003	0.467887534	0.515790808	0.522689218	0.586502147	0.509246299	0.546770266	0.498291244	0.510878464	0.55557551	0.466725474	0.57584289	0.613076342	0.566129126	0.550594499
HOXB8 (41g)	0.234348518	0.270961545	0.235850591	0.172322631	0.24103073	0.279068715	0.186211776	0.480395099	0.259937402	0.24074071	0.508406411	0.503551497	0.277157595	0.282098007	0.272862606	0.314137758	0.284862425	0.247339101	0.279107272	0.249969405	0.271893634	0.262624705	0.257991078	0.183618353	0.260991871	0.237407985	0.305769066	0.245598977	0.264567676	0.254831025	0.221726747	0.212033683	0.285930304	0.288372849	0.257476417	0.202131066	0.364495758	0.228995707	0.250313072	0.268000986
GRHL2 (329g)	0.501015246	0.512634185	0.484313641	0.491534833	0.486739977	0.4825986	0.510372222	0.587094569	0.490983479	0.523767182	0.60101493	0.588972294	0.507794596	0.546058919	0.53064486	0.551262279	0.523290524	0.531880078	0.553657597	0.520094445	0.520336678	0.489795738	0.501212113	0.495932158	0.480909723	0.506956488	0.569769446	0.496112777	0.504898143	0.511223834	0.512344688	0.46477804	0.506163534	0.507348955	0.516221466	0.496315763	0.567251957	0.509744485	0.553941398	0.503500874
SIN3A (521g)	0.575022176	0.565047648	0.581318497	0.561224168	0.512272654	0.52583592	0.570723981	0.655917131	0.582405152	0.601329257	0.649920476	0.658171997	0.605831746	0.555257694	0.592419922	0.606733155	0.591392154	0.586930443	0.568399363	0.582123193	0.588110995	0.577674628	0.587924811	0.588166528	0.608389362	0.573082804	0.582864978	0.488785966	0.569972538	0.591608251	0.562034364	0.587348687	0.582685501	0.588132189	0.56975577	0.577587975	0.620943103	0.572729215	0.579996966	0.573589981
HOXB4 (23g)	0.197417228	0.210208641	0.170678605	0.147703041	0.201753705	0.217695933	0.153258032	0.540040737	0.206305214	0.206021491	0.582826117	0.551727124	0.244715292	0.240501263	0.243547549	0.253274757	0.222895524	0.203264901	0.250240418	0.218654617	0.230929356	0.18733462	0.182798043	0.175761721	0.179438169	0.175430213	0.274464361	0.181492919	0.199567547	0.222928376	0.168220671	0.148652765	0.251369335	0.242320075	0.220121015	0.152424784	0.396262028	0.212559059	0.240856663	0.218705388
HOXB7 (15g)	0.458000275	0.542736804	0.432916724	0.224058051	0.423760472	0.583074669	0.250437211	0.631712677	0.466991714	0.516948221	0.679879137	0.679183262	0.532092661	0.537545209	0.558064368	0.517177128	0.592244655	0.507563064	0.531767614	0.37413359	0.557826306	0.489662592	0.524337316	0.316714737	0.478936044	0.451023211	0.545685117	0.460289338	0.461204963	0.488257108	0.413102596	0.31472783	0.499299547	0.575969418	0.461122556	0.284036076	0.604010438	0.429437348	0.441628897	0.549127867
HOXA13 (25g)	0.231984612	0.259215498	0.224389641	0.322140551	0.248097822	0.249848183	0.20855396	0.246616748	0.26561242	0.488713334	0.248927664	0.239953287	0.283536443	0.462128186	0.291463901	0.218660438	0.424304458	0.48166243	0.263864807	0.242931923	0.264345676	0.244924092	0.227992031	0.246888782	0.28057979	0.271668613	0.30585148	0.242486776	0.280571546	0.263573539	0.240566051	0.240170365	0.308802638	0.260289895	0.258451604	0.260814728	0.245663255	0.254720066	0.293686886	0.319980765
TCF3 (19g)	0.475657895	0.391808849	0.476604974	0.429334153	0.475365095	0.429225709	0.517976431	0.584561163	0.478235252	0.496406883	0.556018652	0.578947368	0.494610324	0.483227299	0.487460237	0.416017206	0.482146472	0.468627097	0.42910642	0.446873193	0.482504338	0.504814922	0.478791932	0.510226287	0.52713635	0.460714286	0.432254916	0.464556825	0.493518652	0.420322441	0.416573887	0.462434933	0.452548438	0.473152834	0.446779208	0.470973106	0.461910787	0.451138664	0.418366831	0.441591961
HOXA11 (24g)	0.30693228	0.312281756	0.271251932	0.202827867	0.254971664	0.366583662	0.170012594	0.316477761	0.283914363	0.389052035	0.329180262	0.324557788	0.329649665	0.439023413	0.276014655	0.228061137	0.393677371	0.404296182	0.274729521	0.220630832	0.275276204	0.265762207	0.258374835	0.215069552	0.304794207	0.28019921	0.291298872	0.258154445	0.316311752	0.34221478	0.268309577	0.2167096	0.293708856	0.291370428	0.327196749	0.19586124	0.365232698	0.292738565	0.250420745	0.366766844
ATF1 (21g)	0.646957045	0.647562136	0.65910139	0.587959011	0.659493882	0.662898747	0.64860551	0.679926342	0.638446518	0.676783139	0.678062007	0.69045166	0.635594412	0.686628137	0.670244882	0.607492011	0.63357308	0.674559019	0.581859037	0.619060702	0.658617317	0.638175045	0.661400737	0.650371722	0.613899437	0.648631676	0.629265485	0.624028992	0.601185979	0.597889049	0.605186123	0.619145742	0.567006499	0.637805448	0.600051024	0.661678752	0.687158001	0.592619849	0.615299324	0.632752119
NFIC (26g)	0.584013486	0.495337795	0.555099625	0.530077761	0.534302677	0.531916749	0.615577498	0.626360415	0.592513522	0.590640185	0.615347624	0.608866248	0.578390833	0.595050057	0.567243288	0.497520272	0.582634245	0.578591642	0.495839818	0.546826821	0.558571508	0.513460812	0.531702729	0.585144358	0.593633825	0.517257688	0.491247632	0.488153587	0.563803112	0.509106426	0.526529253	0.595681549	0.591702359	0.614856171	0.537851185	0.583241956	0.568392656	0.553516933	0.52536139	0.531898253
HOXC10 (74g)	0.323131285	0.382816706	0.338654739	0.247342164	0.267157025	0.32309595	0.26371739	0.336321665	0.299893528	0.361324338	0.355189905	0.349146601	0.356687945	0.370559929	0.337656046	0.30406312	0.346571757	0.359130746	0.2893031	0.24461203	0.350124837	0.35696784	0.355003929	0.272885099	0.313825024	0.286134991	0.25882156	0.267805152	0.311550532	0.329378234	0.276320084	0.257966998	0.301994132	0.329084391	0.324142067	0.26158424	0.374329671	0.335839986	0.292981714	0.352374222
HOXC9 (26g)	0.320279864	0.364220055	0.276823201	0.166740209	0.212305367	0.319756704	0.182538068	0.327345172	0.270291622	0.302761917	0.357939488	0.348541096	0.35504361	0.338849417	0.344221059	0.26123672	0.328362429	0.303028782	0.24779044	0.195527243	0.345663714	0.356922231	0.341626395	0.208482069	0.263004368	0.227582708	0.228729434	0.220292811	0.269451395	0.302140994	0.208645886	0.168280625	0.251323094	0.330920102	0.284411669	0.185304477	0.378654527	0.287521567	0.21005155	0.318245352
BACH1 (28g)	0.313212482	0.36625576	0.292189501	0.403004264	0.355896397	0.38312469	0.390169155	0.352107942	0.457134515	0.592893212	0.345505136	0.337788367	0.403055791	0.503336981	0.572041987	0.416688341	0.596357783	0.636259244	0.355187288	0.393955157	0.452570702	0.399201087	0.408920045	0.335977564	0.328268156	0.344072197	0.330449462	0.406949754	0.353123758	0.359586705	0.353904023	0.342401252	0.346832567	0.626282652	0.320502314	0.458496297	0.37387929	0.414691059	0.642395854	0.361858797
HOXA2 (32g)	0.329139039	0.32966082	0.276381111	0.270944275	0.322136857	0.372071151	0.313955835	0.459204401	0.435092933	0.440121792	0.470166111	0.451950991	0.390649157	0.453305906	0.458878019	0.457117274	0.437160735	0.439286512	0.416164926	0.398538152	0.459187223	0.453179218	0.423504226	0.302319889	0.342295238	0.296621088	0.379343886	0.339254733	0.385781341	0.439286512	0.337077421	0.369541691	0.464963325	0.502900934	0.37614019	0.39630716	0.54348825	0.42299318	0.494350586	0.409570722
SP1 (276g)	0.658820003	0.633451031	0.686263995	0.592855454	0.710637007	0.6503964	0.633945119	0.682443096	0.678077896	0.70736066	0.687245393	0.6955874	0.650151867	0.671750654	0.669682915	0.659208896	0.651596724	0.689419582	0.626799669	0.635077656	0.662650693	0.642116154	0.653312977	0.679980186	0.650846302	0.676522071	0.635364367	0.71575288	0.624266964	0.628969088	0.669217196	0.630889203	0.626449187	0.664572566	0.662698646	0.658067573	0.676693294	0.610861807	0.637116523	0.673979575
RFX7 (10g)	0.612688386	0.611795805	0.586151258	0.605877304	0.500051495	0.488791239	0.651529404	0.700861684	0.628040784	0.592639637	0.711792372	0.723265474	0.719990388	0.600569879	0.645665831	0.697085379	0.628775447	0.598558138	0.587133098	0.597514504	0.630842116	0.636348656	0.656706375	0.625980981	0.681465206	0.669635072	0.601558584	0.48553675	0.574753682	0.63613581	0.656287548	0.620261595	0.57878403	0.603879296	0.628596931	0.609186721	0.717395036	0.626001579	0.632050534	0.600295238
RUNX2 (23g)	0.475991088	0.450022996	0.383590077	0.348498062	0.342498074	0.425088253	0.497231464	0.501093079	0.50063315	0.43128834	0.552763459	0.497846694	0.504025876	0.46467802	0.483355932	0.508980569	0.484810384	0.490272792	0.509975092	0.471648638	0.472532658	0.436087733	0.457062306	0.425031508	0.467192698	0.44433361	0.520702796	0.336321879	0.406852351	0.547100952	0.484795451	0.480936822	0.490795439	0.456521739	0.459281316	0.413219685	0.523985019	0.433770167	0.447803986	0.440277869
SIX4 (12g)	0.485528891	0.563263181	0.450830272	0.398164361	0.542171639	0.464912281	0.559812774	0.559932937	0.476081757	0.603105938	0.581030201	0.55343839	0.544815234	0.60023346	0.545484716	0.460718005	0.483177121	0.635813277	0.444993763	0.417493505	0.523975464	0.508194001	0.477975761	0.502346048	0.385083714	0.580314943	0.400052643	0.529108159	0.586963985	0.451041989	0.580131836	0.46515833	0.46975315	0.502140053	0.562771083	0.48749156	0.459287488	0.51134686	0.566948192	0.545055561
BCL6 (11g)	0.697117425	0.613954708	0.714014631	0.681799456	0.709651444	0.577189084	0.738982797	0.696455769	0.660301865	0.692891563	0.748189808	0.718265462	0.688940351	0.724694764	0.685887993	0.606120946	0.667917156	0.732871838	0.65101995	0.587956605	0.680045442	0.638629497	0.619747322	0.606894959	0.642362238	0.60460413	0.572307808	0.756735163	0.736529675	0.646107463	0.66432174	0.553537989	0.596633043	0.631831914	0.607550373	0.648591795	0.674889516	0.631007965	0.68214901	0.693671818
USF1 (21g)	0.556706864	0.636650869	0.564635195	0.535466525	0.561007919	0.555159793	0.576279114	0.60256297	0.567297597	0.705019641	0.599426308	0.584495272	0.609117581	0.675523895	0.586186257	0.481453135	0.635365459	0.685849695	0.57296583	0.548650974	0.572524277	0.575955308	0.547610871	0.600649574	0.508960257	0.547519289	0.491226177	0.586974511	0.636703201	0.593238023	0.560599073	0.633213296	0.531489277	0.566640173	0.604054439	0.550920883	0.607344827	0.629438835	0.603426452	0.599066524
FOSB (33g)	0.672955071	0.688815594	0.711539222	0.522574748	0.641273589	0.686056608	0.552538371	0.653456853	0.596251111	0.700586571	0.642056517	0.648551064	0.581871071	0.626806094	0.6922409	0.623863871	0.715443447	0.669104985	0.592786242	0.500783968	0.660365769	0.511041147	0.626385479	0.668932158	0.578860133	0.69322997	0.574731025	0.679301779	0.510801688	0.520623676	0.618983069	0.501573142	0.480025987	0.607489032	0.63777124	0.53838946	0.611351611	0.50793859	0.606718598	0.615478637
ATF4 (212g)	0.556401573	0.598367328	0.595385848	0.570783906	0.560132174	0.60121216	0.568759617	0.619168877	0.543326696	0.637354864	0.610508821	0.611819538	0.582417289	0.571769144	0.610837561	0.605052014	0.610679714	0.635338076	0.597909115	0.580731196	0.606204232	0.595485643	0.61011453	0.608042626	0.593035103	0.599190806	0.606647116	0.538114486	0.610731568	0.514640954	0.569277837	0.544907448	0.562902974	0.594380063	0.580406371	0.567211478	0.598830433	0.591395973	0.599361372	0.590537599
JDP2 (166g)	0.618181281	0.602906154	0.581588425	0.637061344	0.628059194	0.623399268	0.638191603	0.633977043	0.621289701	0.650424429	0.62179287	0.620205601	0.630522643	0.651780906	0.658147864	0.67497034	0.693192124	0.664312723	0.65358275	0.616428091	0.624703764	0.561428401	0.589130969	0.597597514	0.542252675	0.565095712	0.598066168	0.651688589	0.599027179	0.65118542	0.589210395	0.57598329	0.601772984	0.665757359	0.595009313	0.64268644	0.643869095	0.660999293	0.718519403	0.67288614
CREB5 (35g)	0.442631352	0.461503573	0.419306134	0.404955627	0.368940941	0.364792272	0.459263332	0.543844734	0.448876934	0.430248174	0.468705333	0.4738573	0.457266551	0.386650829	0.477414985	0.369932459	0.379140815	0.394740046	0.416893112	0.409261368	0.462202545	0.400516375	0.419806801	0.422946281	0.338635828	0.385904736	0.386874656	0.362281081	0.385337312	0.430479855	0.385464934	0.453948402	0.389391738	0.408334642	0.371222414	0.413824315	0.413090002	0.446878191	0.420706039	0.385307861
NFE2L2 (40g)	0.781975326	0.764338981	0.7679989	0.788580364	0.784968556	0.775468229	0.77984295	0.750941613	0.739032269	0.758027767	0.749013712	0.757146294	0.788570054	0.769528162	0.764192928	0.758062133	0.780556033	0.780781126	0.735327674	0.714570947	0.756644558	0.679287948	0.731114471	0.751055019	0.726040414	0.73359222	0.734961683	0.773141689	0.708453899	0.731708993	0.72783429	0.69060277	0.704230386	0.71548335	0.720986975	0.753484656	0.759144644	0.744477473	0.758032922	0.752220008
RAD21 (763g)	0.663777116	0.676802818	0.65003126	0.682655141	0.671024948	0.675181175	0.658738524	0.673293493	0.661951787	0.696424645	0.657447953	0.665481342	0.667181965	0.677987988	0.701472845	0.668666431	0.68193905	0.705132833	0.674280334	0.661081245	0.692440421	0.666808955	0.697111638	0.679730734	0.678419657	0.654816929	0.699622297	0.624469814	0.629226847	0.624337348	0.607686853	0.633892153	0.658218083	0.686242523	0.628646271	0.651748418	0.634497578	0.662855676	0.67513471	0.663626822
SOX7 (11g)	0.490749295	0.363954708	0.424833337	0.480287633	0.480543557	0.428547352	0.519687399	0.494819106	0.505592869	0.468540111	0.511610197	0.505880003	0.454420614	0.503071084	0.464176924	0.516060773	0.521572495	0.479625977	0.523126763	0.463652593	0.440638186	0.376332676	0.395689246	0.422848368	0.436693216	0.352375721	0.463084567	0.468571322	0.43884672	0.482928017	0.349598013	0.390714339	0.539162568	0.463040873	0.389884148	0.467915907	0.476036803	0.555622831	0.521310329	0.550398242
CREB3L4 (83g)	0.53043479	0.507855209	0.536083209	0.455574777	0.539455178	0.493496563	0.49670267	0.610385098	0.517982724	0.55471777	0.615525981	0.623086785	0.521989942	0.526692121	0.546123647	0.48042998	0.506864186	0.543584304	0.46645945	0.506218984	0.543814023	0.579898891	0.541051596	0.575705078	0.506685885	0.562270282	0.486267482	0.537904371	0.483089572	0.50016752	0.580324326	0.554289847	0.48628158	0.532754365	0.561031295	0.528768709	0.551664256	0.470318222	0.512304449	0.465436913
HOXC4 (21g)	0.500345066	0.559706155	0.519243538	0.400985808	0.401391383	0.467647242	0.426487952	0.455509438	0.442341343	0.517529658	0.470273665	0.464150795	0.512708552	0.506091797	0.525696754	0.434465345	0.486110702	0.496308943	0.392337909	0.384972149	0.526988706	0.505153088	0.529330573	0.478682798	0.472926254	0.432780901	0.361059597	0.38420352	0.405519087	0.438746774	0.400612941	0.374345438	0.41581218	0.466937486	0.443378176	0.424110107	0.511766572	0.454250194	0.420554787	0.461455686
HMGN3 (31g)	0.789030396	0.789052561	0.839939801	0.64021863	0.773510885	0.782768954	0.70241193	0.792111248	0.727668261	0.807327107	0.793722599	0.78739688	0.726471384	0.769171096	0.816070962	0.745275659	0.815053616	0.775999947	0.712104421	0.651154543	0.801338286	0.674061449	0.782862044	0.816272658	0.757940396	0.841478011	0.719234708	0.80582436	0.667101828	0.678102018	0.778043504	0.671049307	0.682240111	0.745111642	0.779025387	0.687180556	0.76392035	0.645573548	0.731283274	0.701387935
HOXC11 (67g)	0.34690814	0.374909643	0.323706865	0.252248663	0.261103673	0.36496932	0.270836585	0.349838589	0.298839115	0.351639573	0.382028356	0.366532089	0.365329722	0.366591643	0.349369348	0.295369602	0.365617222	0.339579962	0.294279155	0.260728895	0.357976901	0.368036332	0.36976236	0.285663386	0.339144604	0.301403002	0.279415389	0.273747525	0.338827327	0.36830227	0.295126254	0.270343727	0.313120693	0.354330781	0.348643409	0.26067961	0.419947593	0.325410304	0.28333258	0.343131618
MAFF (10g)	0.823406227	0.833341344	0.836849875	0.810999348	0.76661746	0.795399773	0.845157747	0.845384325	0.759030519	0.854584778	0.825898589	0.831322737	0.85626695	0.732884754	0.861176147	0.853609805	0.860558207	0.826901026	0.852044354	0.788348381	0.846936043	0.752823647	0.817528923	0.818792269	0.773339284	0.782560335	0.769535514	0.815929143	0.802883724	0.810738439	0.795406639	0.763205053	0.773078376	0.807353497	0.751910467	0.804483504	0.81376635	0.839280442	0.842967489	0.807813519
PRDM1 (371g)	0.601199408	0.613819376	0.589849571	0.579338491	0.576274664	0.582304125	0.629020452	0.583582312	0.592334175	0.621636537	0.586046491	0.576394781	0.628898836	0.60722812	0.62715967	0.588627226	0.623450847	0.636480448	0.597901157	0.578994818	0.610110553	0.57177112	0.591867199	0.578330895	0.565620606	0.562908323	0.55710017	0.595027157	0.588683818	0.636326414	0.576632017	0.600098492	0.559404505	0.629033382	0.554629058	0.612744694	0.602216374	0.606864396	0.622015065	0.591518654
HOXC8 (157g)	0.418790139	0.429487312	0.380901038	0.341421669	0.360032825	0.410488478	0.387626935	0.412362692	0.393436383	0.423832144	0.420813797	0.419150125	0.436708574	0.436900655	0.458480928	0.408932933	0.436382433	0.427917702	0.386689388	0.363925863	0.466674022	0.477912713	0.468506479	0.39336254	0.38712146	0.356013638	0.343490161	0.366973659	0.398766289	0.437449205	0.353924048	0.351328982	0.37531312	0.458287529	0.398895075	0.388741617	0.462295288	0.427403436	0.41341496	0.438405652
FOXC1 (24g)	0.412482111	0.460587326	0.381767703	0.375052951	0.482125479	0.403675082	0.468887744	0.441768275	0.481713321	0.49436144	0.442503864	0.411798042	0.496239052	0.452979564	0.495852653	0.523598947	0.502149522	0.502933768	0.461895357	0.428438949	0.461463163	0.395142824	0.425324861	0.398915221	0.325565287	0.483250329	0.396376438	0.518741771	0.493405461	0.514997996	0.543926384	0.379340546	0.3665808	0.514580113	0.502335566	0.402344152	0.429309062	0.477709085	0.524972809	0.457593451
SIX1 (10g)	0.397267328	0.435847437	0.343527069	0.244869374	0.381296989	0.324109993	0.45588932	0.464341378	0.369034296	0.421415085	0.431521851	0.430079989	0.43919805	0.42794466	0.412702118	0.383727557	0.395228123	0.456170826	0.34978887	0.386240516	0.388856466	0.373998421	0.38320574	0.414295032	0.332088297	0.512602561	0.34655498	0.410415737	0.427512101	0.362772495	0.507638436	0.389227231	0.340712005	0.385025233	0.461244808	0.355000172	0.353606372	0.397658691	0.429283532	0.412297024
KLF11 (316g)	0.4998408	0.49684214	0.554650009	0.457910723	0.583676143	0.573613855	0.496983773	0.530498674	0.527704668	0.573881969	0.525386723	0.529480017	0.491865234	0.556006609	0.505652571	0.470306985	0.524643206	0.552345459	0.470496487	0.471170834	0.482181292	0.443912364	0.458916205	0.513062704	0.442341669	0.515770194	0.436642546	0.600673161	0.453813476	0.51065978	0.52487948	0.542023621	0.456167433	0.494427578	0.524722038	0.46381406	0.517707158	0.496559314	0.514220359	0.542650318
TFAP2A (14g)	0.571914163	0.629576947	0.524703863	0.47413366	0.602736971	0.602643777	0.602109135	0.531345187	0.557871245	0.588973636	0.613601471	0.545319436	0.616696505	0.657996321	0.589204169	0.480053955	0.602055181	0.596703863	0.415911711	0.504407112	0.558763948	0.465059473	0.473755978	0.472578786	0.364350705	0.596988351	0.365150215	0.678719804	0.580517474	0.641280196	0.629007971	0.409711833	0.367082771	0.546977315	0.607744942	0.536	0.602702636	0.458619252	0.600377682	0.507335377
MYB (31g)	0.561479607	0.60140212	0.574869119	0.485415826	0.485369281	0.555446457	0.509504094	0.530207858	0.530974746	0.541055114	0.536241007	0.535768905	0.535549478	0.460188309	0.5493313	0.434692602	0.489084034	0.552334576	0.571364928	0.57750225	0.571759454	0.612362415	0.600205242	0.589920962	0.623661824	0.618344585	0.624171606	0.480342396	0.614370509	0.497748097	0.583222881	0.528257391	0.514431239	0.534246211	0.578328982	0.579448284	0.525079016	0.506013201	0.407020351	0.50889014
IRF8 (229g)	0.593745081	0.599615128	0.58680682	0.558484923	0.567703715	0.572723661	0.555295987	0.505934545	0.51343652	0.519078483	0.51021254	0.505785611	0.550308668	0.502561632	0.540044016	0.4965209	0.49625445	0.536484407	0.586543391	0.565960918	0.56253695	0.58911907	0.591141609	0.607865096	0.587401044	0.579037489	0.602314063	0.557345111	0.578253849	0.516069899	0.54959451	0.515573856	0.527581004	0.519353089	0.557990692	0.550681757	0.519081504	0.551232178	0.482996017	0.534477878
SRF (1090g)	0.598164026	0.613484659	0.578403717	0.570251666	0.570598242	0.604905504	0.6090459	0.59440625	0.598445839	0.594801103	0.576766412	0.581116336	0.596825346	0.576839875	0.610396616	0.550942731	0.589153124	0.589448805	0.636286957	0.652034889	0.61651592	0.637334468	0.625741388	0.625417904	0.618922129	0.580669935	0.658277176	0.557074399	0.618274834	0.587830667	0.570828835	0.637141163	0.627820253	0.631488996	0.587131171	0.626130876	0.590961165	0.590310011	0.597148372	0.574033711
ATOH1 (131g)	0.324629584	0.341180427	0.301900923	0.324053801	0.280591719	0.338097308	0.291667895	0.262456158	0.274604952	0.298099392	0.276529665	0.271579727	0.287423738	0.268447135	0.34055833	0.304688783	0.275279681	0.309780824	0.303083014	0.31242658	0.384196726	0.529061212	0.47471453	0.351037671	0.323716437	0.334608405	0.310357659	0.282878006	0.34482196	0.298275706	0.294491543	0.270591319	0.320118588	0.333003162	0.332794217	0.323082235	0.283211159	0.308789257	0.277410706	0.28520745
SRF (17g)	0.574431297	0.610409757	0.529242093	0.449003583	0.54628601	0.605816504	0.586251752	0.570924751	0.604709599	0.594230357	0.555710863	0.557149032	0.559997091	0.603913758	0.589010936	0.462589431	0.55234975	0.572419477	0.752004751	0.777617084	0.572318482	0.586914279	0.570302621	0.628988798	0.588388807	0.571502442	0.806271386	0.558300375	0.555654306	0.572657825	0.572265964	0.605998295	0.585544787	0.58428437	0.567676751	0.563527877	0.592347811	0.486496968	0.571530721	0.490863992
MYC (934g)	0.584782491	0.590767276	0.564154532	0.610069744	0.565977527	0.596263514	0.560706619	0.532414219	0.570903378	0.573990215	0.513496438	0.521102953	0.568776095	0.548292613	0.585289713	0.544833539	0.566809991	0.576323696	0.600336858	0.596590806	0.59507954	0.620416824	0.625580609	0.608975507	0.590809411	0.566306793	0.602833036	0.531229333	0.576411308	0.561955354	0.533364208	0.566906182	0.583192647	0.585839147	0.555699306	0.589874151	0.532099682	0.60628057	0.557212243	0.579865523
SP2 (388g)	0.68924344	0.691555507	0.698360469	0.642598178	0.669964864	0.691369946	0.674426923	0.707209288	0.669281068	0.695533315	0.706347641	0.70452108	0.66970472	0.666400667	0.709501812	0.668611078	0.691724214	0.692955189	0.694579337	0.676900705	0.707808818	0.691281738	0.719757663	0.709515617	0.693829744	0.695229247	0.726827969	0.635648352	0.655384107	0.62118682	0.632071964	0.651038763	0.67763219	0.681655717	0.665080228	0.656952497	0.689742571	0.644907914	0.642804535	0.661967293
MLX (36g)	0.680643844	0.671061021	0.663192416	0.688917141	0.627314099	0.66136748	0.638322891	0.582540173	0.643436912	0.621713302	0.579592787	0.589482948	0.617674008	0.604489037	0.636381511	0.598176209	0.633000798	0.632745001	0.655822042	0.640021838	0.651481138	0.672017394	0.677051239	0.661919161	0.679737102	0.608270625	0.668331253	0.585651727	0.680777469	0.613094488	0.576639674	0.670098921	0.640760594	0.621392602	0.586041149	0.654331169	0.580081473	0.647063877	0.583908875	0.631887892
NFIL3 (20g)	0.601133281	0.632466774	0.61281294	0.626065456	0.573780006	0.616824067	0.595648889	0.503255606	0.569755143	0.574741578	0.537274632	0.499817988	0.596442186	0.543590096	0.565493321	0.547855352	0.569020227	0.58394519	0.72510045	0.693935231	0.584226794	0.649445379	0.599890106	0.598657234	0.564583262	0.594749133	0.698104331	0.608279817	0.669294962	0.591661802	0.627167829	0.644647824	0.617411312	0.646038669	0.620883272	0.592001786	0.621611319	0.621724647	0.599649713	0.607335417
CREB3L1 (545g)	0.689653761	0.691253121	0.700914993	0.664519213	0.667662492	0.680463021	0.661579481	0.663111335	0.611149577	0.636615111	0.686446955	0.674755274	0.658377295	0.641312317	0.657229303	0.643496647	0.624965012	0.654422401	0.666390139	0.648919354	0.670183839	0.678544225	0.67733463	0.698823581	0.661552401	0.702703525	0.698881975	0.651437878	0.671544232	0.610968106	0.658170797	0.586010923	0.659877192	0.613366248	0.67316079	0.650643203	0.644038237	0.634703758	0.596690779	0.64717651
KLF3 (509g)	0.743181311	0.732036339	0.728582888	0.738654893	0.730312839	0.742387085	0.735396602	0.686492729	0.667796773	0.68937717	0.698337779	0.691439798	0.714439976	0.683026652	0.719299209	0.680716574	0.692207262	0.715462438	0.721887341	0.698005239	0.726772376	0.733234335	0.732731751	0.735727495	0.693860356	0.715341526	0.708085752	0.724010768	0.696310422	0.675854871	0.696664098	0.669432026	0.692632579	0.695762547	0.693050896	0.709274141	0.678000806	0.716251861	0.701656869	0.717058302
IRF3 (86g)	0.541276208	0.535042212	0.521356719	0.505490767	0.538104779	0.539925829	0.583125147	0.546072575	0.581185628	0.539454357	0.543696004	0.538889231	0.581319305	0.59320376	0.548937427	0.573251451	0.58091187	0.548669272	0.587871885	0.596144656	0.540226002	0.578454453	0.526252342	0.539838579	0.537373157	0.523344265	0.534074454	0.553861067	0.567858741	0.62870984	0.57583294	0.620860512	0.606829219	0.601360465	0.580896661	0.587173882	0.63347739	0.606792398	0.623662128	0.600400711
SIX5 (379g)	0.433566299	0.420042862	0.411676104	0.43709124	0.437410872	0.441182785	0.454059435	0.475747795	0.455921997	0.460511705	0.486108675	0.477492376	0.444155251	0.490402054	0.447233038	0.488516556	0.477089992	0.4594218	0.472495147	0.490101321	0.447911567	0.490093247	0.438587932	0.436747388	0.438227933	0.426581003	0.421314784	0.470620291	0.477689623	0.509764735	0.479678607	0.489164994	0.490076183	0.482070708	0.489721322	0.503086778	0.549699267	0.502135038	0.535221706	0.481219518
NFE2 (320g)	0.383512396	0.367540078	0.346420547	0.366751969	0.403907145	0.386205498	0.413595414	0.407054374	0.43031507	0.409016404	0.428256749	0.394608592	0.400611142	0.456633861	0.435462716	0.46423475	0.465868221	0.41995732	0.446669949	0.450566033	0.406951143	0.423277395	0.381753357	0.369563266	0.342859962	0.354236571	0.369585386	0.473442217	0.431575523	0.479703277	0.431943336	0.39586731	0.436156485	0.496552405	0.419329045	0.480117067	0.467505595	0.468280041	0.510148904	0.44402586
MAFK (64g)	0.671790628	0.651397248	0.638641445	0.674561479	0.678668315	0.692763328	0.694010103	0.656866939	0.646125322	0.630615864	0.65188736	0.63877902	0.647876182	0.646147893	0.632826741	0.651739037	0.668935942	0.67336307	0.703065348	0.661476784	0.624098237	0.626866939	0.606343508	0.628401763	0.591066208	0.588570507	0.613242691	0.717329106	0.700051591	0.70724742	0.647676268	0.678077171	0.679868874	0.646382201	0.644437876	0.671371453	0.710297721	0.73025043	0.694719475	0.703513543
ESRRA (37g)	0.695267531	0.718941951	0.661486997	0.721902646	0.659464289	0.719679338	0.696504559	0.597228388	0.667993469	0.656696763	0.588164276	0.579142884	0.666488975	0.618144569	0.674390355	0.668641702	0.665825884	0.68743116	0.738021163	0.727718166	0.696599286	0.756764186	0.708973285	0.687561178	0.659741041	0.655236846	0.646796821	0.679370044	0.76133339	0.722981796	0.688103539	0.746726797	0.72452901	0.732995039	0.69946154	0.749574191	0.682503478	0.764988753	0.710717384	0.722513731
RARA (375g)	0.510938859	0.498721365	0.467399249	0.529884578	0.552671766	0.551774533	0.520644695	0.471958281	0.534909563	0.522832059	0.480251796	0.466967969	0.494335883	0.53134177	0.523996848	0.545513373	0.559651231	0.535692022	0.559796041	0.539608399	0.505556019	0.507256478	0.490260974	0.490152135	0.442782552	0.453546934	0.466774209	0.610513141	0.535422797	0.558868215	0.510034395	0.511911742	0.53696936	0.578319937	0.516557178	0.548468549	0.510926807	0.586685579	0.595718537	0.579045103
ESRRA (1319g)	0.680169006	0.683119687	0.644540856	0.691246609	0.646111497	0.688211938	0.679530219	0.606519764	0.658662396	0.640937871	0.595780031	0.594150853	0.65546732	0.621426107	0.653744286	0.65137707	0.646342975	0.660277131	0.702463634	0.706568163	0.665770367	0.709386127	0.677820158	0.674521796	0.650349289	0.642323689	0.653418679	0.661314995	0.71442758	0.683927654	0.665772002	0.71042857	0.695107779	0.69328146	0.673301725	0.709326609	0.647676033	0.717014011	0.676323097	0.701530417
PAX8 (47g)	0.418486035	0.429980019	0.46404071	0.404022748	0.426934655	0.402622934	0.388541414	0.384764694	0.410887251	0.431627032	0.404242155	0.389151364	0.390119679	0.407597614	0.395648727	0.395022687	0.385453631	0.411152002	0.421762508	0.43722629	0.401593185	0.397633626	0.401506885	0.440243863	0.446521819	0.430181873	0.374347265	0.506930325	0.349023348	0.477882345	0.512084919	0.520704676	0.435675816	0.414592299	0.446969409	0.436680699	0.459948045	0.426501692	0.409962818	0.395737952
TGIF2 (16g)	0.315304914	0.377523778	0.329842393	0.355191773	0.36587491	0.345487244	0.346491605	0.3552862	0.360350925	0.390971054	0.353414827	0.341139306	0.354676716	0.374150156	0.324146723	0.374158741	0.349813721	0.371686468	0.35334186	0.342263846	0.314892868	0.302467122	0.290281736	0.338126223	0.365449988	0.390091165	0.362994884	0.375673866	0.367866463	0.385309721	0.414243038	0.423685747	0.362252344	0.325687601	0.384047832	0.348633383	0.367849294	0.373875459	0.375163101	0.370965388
ELF4 (36g)	0.617212048	0.623734857	0.585203129	0.665189156	0.621111989	0.630824619	0.644505912	0.576857292	0.643133392	0.605693571	0.565665243	0.554675539	0.635262879	0.638288531	0.614791526	0.672586255	0.653727947	0.640844586	0.642896685	0.621434598	0.594144552	0.58605642	0.584137947	0.574182883	0.584447193	0.541209955	0.575813108	0.637555502	0.652844113	0.667539047	0.563468066	0.64342164	0.621222707	0.649644748	0.593335166	0.644505912	0.656868135	0.677158139	0.692725454	0.705771074
TEAD4 (65g)	0.516280473	0.495105857	0.490898027	0.520844953	0.501902308	0.493026283	0.516877358	0.558530223	0.518494452	0.545523624	0.540322043	0.544433567	0.531689429	0.514063319	0.563061895	0.545656971	0.539020325	0.540545346	0.522798588	0.542848223	0.544496008	0.541365534	0.531469301	0.525149089	0.540632127	0.490230235	0.491592276	0.504210476	0.559862632	0.530132659	0.491536186	0.573798424	0.528500749	0.596052513	0.508769665	0.590994862	0.589377768	0.547280414	0.584127505	0.55106598
SOX9 (29g)	0.74588422	0.758807851	0.753564956	0.693035928	0.722590886	0.752013172	0.756287092	0.751548822	0.700162286	0.712164323	0.736277378	0.76861607	0.743718831	0.715827006	0.739295656	0.688186309	0.699581848	0.723152371	0.779082908	0.771456663	0.740589204	0.728762482	0.728736422	0.75265047	0.711427522	0.72663263	0.69779552	0.758684656	0.764868098	0.7499923	0.759916606	0.712223552	0.731937123	0.745055023	0.754249636	0.782352314	0.73961312	0.776204409	0.72655208	0.796019853
SMAD3 (399g)	0.558083099	0.526735593	0.495508779	0.578235429	0.535225503	0.570735642	0.592896298	0.536297075	0.560801621	0.558429128	0.536406256	0.523228565	0.567427267	0.577162461	0.581161847	0.589842386	0.61013058	0.580035859	0.580411537	0.565758865	0.555589565	0.528938561	0.525884126	0.516256717	0.459902017	0.456912636	0.463284342	0.576315528	0.542339495	0.623709064	0.506705351	0.532116652	0.535186784	0.599965292	0.524792671	0.593105938	0.575550219	0.639085012	0.651002419	0.610655553
PPARD (266g)	0.454298823	0.419584965	0.400250618	0.413641123	0.426669139	0.459071344	0.482894105	0.425182983	0.467487511	0.466166455	0.437199048	0.420191198	0.450153368	0.485177895	0.468589824	0.423482771	0.491471726	0.489969165	0.554115261	0.539081313	0.458726041	0.480259545	0.445346473	0.442924927	0.427240737	0.402887262	0.528601662	0.468061453	0.474414919	0.500448555	0.447167515	0.472294406	0.507653819	0.505360395	0.440213025	0.498640794	0.497045006	0.491742031	0.517782438	0.454827975
ZBTB7A (859g)	0.66848322	0.631773237	0.6321373	0.630273763	0.614674394	0.648070517	0.674511249	0.655033237	0.652520694	0.658885122	0.655845009	0.656405511	0.658906528	0.626389852	0.662056468	0.603586783	0.65787197	0.664016496	0.648658929	0.666928503	0.670027235	0.694582942	0.670919691	0.671280707	0.653161796	0.638046609	0.606111676	0.628758235	0.682189909	0.655142488	0.661440641	0.69209271	0.656520855	0.689192146	0.655271582	0.690178458	0.644820875	0.672732018	0.648644027	0.655350948
ETV5 (453g)	0.629904151	0.624723292	0.627545815	0.642946025	0.632744219	0.6126278	0.641137449	0.642723474	0.620450492	0.643606753	0.639581437	0.639787059	0.605959418	0.618131403	0.635388362	0.594032917	0.615705656	0.644462636	0.622469614	0.629769019	0.636429859	0.652353203	0.630785583	0.64230315	0.639316715	0.606892718	0.602977293	0.629836739	0.647610521	0.615740901	0.611536898	0.642375179	0.634728557	0.655371805	0.623932512	0.669207537	0.620011546	0.638933484	0.649755078	0.662179473
